(kicad_pcb (version 20171130) (host pcbnew 5.0.0)

  (general
    (thickness 1.6)
    (drawings 7)
    (tracks 0)
    (zones 0)
    (modules 18)
    (nets 22)
  )

  (page A4)
  (layers
    (0 F.Cu signal)
    (31 B.Cu signal)
    (32 B.Adhes user)
    (33 F.Adhes user)
    (34 B.Paste user)
    (35 F.Paste user)
    (36 B.SilkS user)
    (37 F.SilkS user)
    (38 B.Mask user)
    (39 F.Mask user)
    (40 Dwgs.User user)
    (41 Cmts.User user)
    (42 Eco1.User user)
    (43 Eco2.User user)
    (44 Edge.Cuts user)
    (45 Margin user)
    (46 B.CrtYd user)
    (47 F.CrtYd user)
    (48 B.Fab user)
    (49 F.Fab user)
  )

  (setup
    (last_trace_width 0.25)
    (trace_clearance 0.2)
    (zone_clearance 0.508)
    (zone_45_only no)
    (trace_min 0.2)
    (segment_width 0.2)
    (edge_width 0.15)
    (via_size 0.8)
    (via_drill 0.4)
    (via_min_size 0.4)
    (via_min_drill 0.3)
    (uvia_size 0.3)
    (uvia_drill 0.1)
    (uvias_allowed no)
    (uvia_min_size 0.2)
    (uvia_min_drill 0.1)
    (pcb_text_width 0.3)
    (pcb_text_size 1.5 1.5)
    (mod_edge_width 0.15)
    (mod_text_size 1 1)
    (mod_text_width 0.15)
    (pad_size 1.524 1.524)
    (pad_drill 0.762)
    (pad_to_mask_clearance 0.2)
    (aux_axis_origin 0 0)
    (visible_elements FFFFFF7F)
    (pcbplotparams
      (layerselection 0x010fc_ffffffff)
      (usegerberextensions false)
      (usegerberattributes false)
      (usegerberadvancedattributes false)
      (creategerberjobfile false)
      (excludeedgelayer true)
      (linewidth 0.100000)
      (plotframeref false)
      (viasonmask false)
      (mode 1)
      (useauxorigin false)
      (hpglpennumber 1)
      (hpglpenspeed 20)
      (hpglpendiameter 15.000000)
      (psnegative false)
      (psa4output false)
      (plotreference true)
      (plotvalue true)
      (plotinvisibletext false)
      (padsonsilk false)
      (subtractmaskfromsilk false)
      (outputformat 1)
      (mirror false)
      (drillshape 1)
      (scaleselection 1)
      (outputdirectory ""))
  )

  (net 0 "")
  (net 1 GND)
  (net 2 "Net-(AE1-Pad1)")
  (net 3 /3V3)
  (net 4 /~SWD_RESET)
  (net 5 "Net-(C5-Pad2)")
  (net 6 /SWD_IO)
  (net 7 /SWD_CLK)
  (net 8 "Net-(R1-Pad1)")
  (net 9 /RFM_SPI_MISO)
  (net 10 /RFM_SPI_MOSI)
  (net 11 /RFM_SPI_CLK)
  (net 12 /~RFM_SPI_CS)
  (net 13 /RFM_RESET)
  (net 14 /RFM_DIO5)
  (net 15 /RFM_DIO3)
  (net 16 /RFM_DIO4)
  (net 17 /RFM_DIO0)
  (net 18 /RFM_DIO1)
  (net 19 /RFM_DIO2)
  (net 20 /SEN_I2C_SDA)
  (net 21 /SEN_I2C_SCL)

  (net_class Default "This is the default net class."
    (clearance 0.2)
    (trace_width 0.25)
    (via_dia 0.8)
    (via_drill 0.4)
    (uvia_dia 0.3)
    (uvia_drill 0.1)
    (add_net /3V3)
    (add_net /RFM_DIO0)
    (add_net /RFM_DIO1)
    (add_net /RFM_DIO2)
    (add_net /RFM_DIO3)
    (add_net /RFM_DIO4)
    (add_net /RFM_DIO5)
    (add_net /RFM_RESET)
    (add_net /RFM_SPI_CLK)
    (add_net /RFM_SPI_MISO)
    (add_net /RFM_SPI_MOSI)
    (add_net /SEN_I2C_SCL)
    (add_net /SEN_I2C_SDA)
    (add_net /SWD_CLK)
    (add_net /SWD_IO)
    (add_net /~RFM_SPI_CS)
    (add_net /~SWD_RESET)
    (add_net GND)
    (add_net "Net-(AE1-Pad1)")
    (add_net "Net-(C5-Pad2)")
    (add_net "Net-(R1-Pad1)")
  )

  (module "official stable:MountingHole_2.7mm_M2.5_Pad_Via" (layer F.Cu) (tedit 56DDBBFF) (tstamp 5C005AAA)
    (at 195.75 119.5)
    (descr "Mounting Hole 2.7mm")
    (tags "mounting hole 2.7mm")
    (attr virtual)
    (fp_text reference REF** (at 0 -3.7) (layer F.SilkS)
      (effects (font (size 1 1) (thickness 0.15)))
    )
    (fp_text value MountingHole_2.7mm_M2.5_Pad_Via (at 0 3.7) (layer F.Fab)
      (effects (font (size 1 1) (thickness 0.15)))
    )
    (fp_circle (center 0 0) (end 2.95 0) (layer F.CrtYd) (width 0.05))
    (fp_circle (center 0 0) (end 2.7 0) (layer Cmts.User) (width 0.15))
    (fp_text user %R (at 0.3 0) (layer F.Fab)
      (effects (font (size 1 1) (thickness 0.15)))
    )
    (pad 1 thru_hole circle (at 1.431891 -1.431891) (size 0.8 0.8) (drill 0.5) (layers *.Cu *.Mask))
    (pad 1 thru_hole circle (at 0 -2.025) (size 0.8 0.8) (drill 0.5) (layers *.Cu *.Mask))
    (pad 1 thru_hole circle (at -1.431891 -1.431891) (size 0.8 0.8) (drill 0.5) (layers *.Cu *.Mask))
    (pad 1 thru_hole circle (at -2.025 0) (size 0.8 0.8) (drill 0.5) (layers *.Cu *.Mask))
    (pad 1 thru_hole circle (at -1.431891 1.431891) (size 0.8 0.8) (drill 0.5) (layers *.Cu *.Mask))
    (pad 1 thru_hole circle (at 0 2.025) (size 0.8 0.8) (drill 0.5) (layers *.Cu *.Mask))
    (pad 1 thru_hole circle (at 1.431891 1.431891) (size 0.8 0.8) (drill 0.5) (layers *.Cu *.Mask))
    (pad 1 thru_hole circle (at 2.025 0) (size 0.8 0.8) (drill 0.5) (layers *.Cu *.Mask))
    (pad 1 thru_hole circle (at 0 0) (size 5.4 5.4) (drill 2.7) (layers *.Cu *.Mask))
  )

  (module sensor-node-core:MOLEX-0732511150 (layer B.Cu) (tedit 59B19D72) (tstamp 5C004D38)
    (at 203.5 89 270)
    (path /5C00765A)
    (fp_text reference AE1 (at 0 -2.5 270) (layer B.SilkS)
      (effects (font (size 1 1) (thickness 0.15)) (justify mirror))
    )
    (fp_text value Antenna_Shield (at 11 0 270) (layer B.Fab)
      (effects (font (size 1 1) (thickness 0.15)) (justify mirror))
    )
    (pad 2 smd rect (at 0 4.3825 270) (size 5.08 2.415) (layers B.Cu B.Paste B.Mask)
      (net 1 GND))
    (pad 2 smd rect (at 0 -4.3825 270) (size 5.08 2.415) (layers B.Cu B.Paste B.Mask)
      (net 1 GND))
    (pad 1 smd rect (at 0 0 270) (size 5.08 2.29) (layers B.Cu B.Paste B.Mask)
      (net 2 "Net-(AE1-Pad1)"))
    (model /home/hannes/Repository/ismGateway/kicad/models/73251-1150.wrl
      (offset (xyz -12.19199981689453 0 0.5079999923706054))
      (scale (xyz 0.4 0.4 0.4))
      (rotate (xyz 0 0 0))
    )
  )

  (module sensor-node-core:BU2032-1-G (layer F.Cu) (tedit 5C000105) (tstamp 5C004D48)
    (at 207.5 102.5)
    (path /5C007176)
    (fp_text reference B1 (at 0 0.5) (layer F.SilkS)
      (effects (font (size 1 1) (thickness 0.15)))
    )
    (fp_text value BU2032-1-G (at 0 -0.5) (layer F.Fab)
      (effects (font (size 1 1) (thickness 0.15)))
    )
    (fp_line (start -14.4 -3.5) (end 14.2 -3.5) (layer F.SilkS) (width 0.15))
    (fp_line (start -14.4 3.5) (end 14.2 3.5) (layer F.SilkS) (width 0.15))
    (fp_line (start -14.4 -3.5) (end -14.4 3.5) (layer F.SilkS) (width 0.15))
    (fp_line (start 14.2 3.5) (end 14.2 -3.5) (layer F.SilkS) (width 0.15))
    (fp_arc (start -0.1 0) (end -7.999999 -7.999999) (angle -95.2) (layer F.SilkS) (width 0.15))
    (fp_arc (start -0.100001 -0.000001) (end 8 -8) (angle 93.7) (layer F.SilkS) (width 0.15))
    (fp_line (start -8 -8) (end 8 -8) (layer F.SilkS) (width 0.15))
    (fp_line (start -7.3 8.6) (end 7.3 8.6) (layer F.SilkS) (width 0.15))
    (fp_circle (center -0.1 0) (end 9.9 -0.1) (layer F.CrtYd) (width 0.15))
    (pad 2 thru_hole circle (at 13.45 0) (size 1.6 1.6) (drill 1) (layers *.Cu *.Mask)
      (net 1 GND))
    (pad 1 thru_hole circle (at -13.45 -1.27) (size 1.6 1.6) (drill 1) (layers *.Cu *.Mask)
      (net 3 /3V3))
    (pad 1 thru_hole circle (at -13.45 1.27) (size 1.6 1.6) (drill 1) (layers *.Cu *.Mask)
      (net 3 /3V3))
    (model ../../freecad/BU2032-1-G.step
      (at (xyz 0 0 0))
      (scale (xyz 1 1 1))
      (rotate (xyz 0 0 0))
    )
  )

  (module "official stable:C_0603_1608Metric" (layer B.Cu) (tedit 5B301BBE) (tstamp 5C004D59)
    (at 213 90.5)
    (descr "Capacitor SMD 0603 (1608 Metric), square (rectangular) end terminal, IPC_7351 nominal, (Body size source: http://www.tortai-tech.com/upload/download/2011102023233369053.pdf), generated with kicad-footprint-generator")
    (tags capacitor)
    (path /5C02F66C)
    (attr smd)
    (fp_text reference C1 (at 0 1.43) (layer B.SilkS)
      (effects (font (size 1 1) (thickness 0.15)) (justify mirror))
    )
    (fp_text value 0.1µF (at 0 -1.43) (layer B.Fab)
      (effects (font (size 1 1) (thickness 0.15)) (justify mirror))
    )
    (fp_line (start -0.8 -0.4) (end -0.8 0.4) (layer B.Fab) (width 0.1))
    (fp_line (start -0.8 0.4) (end 0.8 0.4) (layer B.Fab) (width 0.1))
    (fp_line (start 0.8 0.4) (end 0.8 -0.4) (layer B.Fab) (width 0.1))
    (fp_line (start 0.8 -0.4) (end -0.8 -0.4) (layer B.Fab) (width 0.1))
    (fp_line (start -0.162779 0.51) (end 0.162779 0.51) (layer B.SilkS) (width 0.12))
    (fp_line (start -0.162779 -0.51) (end 0.162779 -0.51) (layer B.SilkS) (width 0.12))
    (fp_line (start -1.48 -0.73) (end -1.48 0.73) (layer B.CrtYd) (width 0.05))
    (fp_line (start -1.48 0.73) (end 1.48 0.73) (layer B.CrtYd) (width 0.05))
    (fp_line (start 1.48 0.73) (end 1.48 -0.73) (layer B.CrtYd) (width 0.05))
    (fp_line (start 1.48 -0.73) (end -1.48 -0.73) (layer B.CrtYd) (width 0.05))
    (fp_text user %R (at 0 0) (layer B.Fab)
      (effects (font (size 0.4 0.4) (thickness 0.06)) (justify mirror))
    )
    (pad 1 smd roundrect (at -0.7875 0) (size 0.875 0.95) (layers B.Cu B.Paste B.Mask) (roundrect_rratio 0.25)
      (net 4 /~SWD_RESET))
    (pad 2 smd roundrect (at 0.7875 0) (size 0.875 0.95) (layers B.Cu B.Paste B.Mask) (roundrect_rratio 0.25)
      (net 1 GND))
    (model ${KISYS3DMOD}/Capacitor_SMD.3dshapes/C_0603_1608Metric.wrl
      (at (xyz 0 0 0))
      (scale (xyz 1 1 1))
      (rotate (xyz 0 0 0))
    )
  )

  (module "official stable:C_0603_1608Metric" (layer F.Cu) (tedit 5B301BBE) (tstamp 5C004D6A)
    (at 194.715001 91.605001)
    (descr "Capacitor SMD 0603 (1608 Metric), square (rectangular) end terminal, IPC_7351 nominal, (Body size source: http://www.tortai-tech.com/upload/download/2011102023233369053.pdf), generated with kicad-footprint-generator")
    (tags capacitor)
    (path /5C013446)
    (attr smd)
    (fp_text reference C2 (at 0 -1.43) (layer F.SilkS)
      (effects (font (size 1 1) (thickness 0.15)))
    )
    (fp_text value 0.1µF (at 0 1.43) (layer F.Fab)
      (effects (font (size 1 1) (thickness 0.15)))
    )
    (fp_text user %R (at 0 0) (layer F.Fab)
      (effects (font (size 0.4 0.4) (thickness 0.06)))
    )
    (fp_line (start 1.48 0.73) (end -1.48 0.73) (layer F.CrtYd) (width 0.05))
    (fp_line (start 1.48 -0.73) (end 1.48 0.73) (layer F.CrtYd) (width 0.05))
    (fp_line (start -1.48 -0.73) (end 1.48 -0.73) (layer F.CrtYd) (width 0.05))
    (fp_line (start -1.48 0.73) (end -1.48 -0.73) (layer F.CrtYd) (width 0.05))
    (fp_line (start -0.162779 0.51) (end 0.162779 0.51) (layer F.SilkS) (width 0.12))
    (fp_line (start -0.162779 -0.51) (end 0.162779 -0.51) (layer F.SilkS) (width 0.12))
    (fp_line (start 0.8 0.4) (end -0.8 0.4) (layer F.Fab) (width 0.1))
    (fp_line (start 0.8 -0.4) (end 0.8 0.4) (layer F.Fab) (width 0.1))
    (fp_line (start -0.8 -0.4) (end 0.8 -0.4) (layer F.Fab) (width 0.1))
    (fp_line (start -0.8 0.4) (end -0.8 -0.4) (layer F.Fab) (width 0.1))
    (pad 2 smd roundrect (at 0.7875 0) (size 0.875 0.95) (layers F.Cu F.Paste F.Mask) (roundrect_rratio 0.25)
      (net 1 GND))
    (pad 1 smd roundrect (at -0.7875 0) (size 0.875 0.95) (layers F.Cu F.Paste F.Mask) (roundrect_rratio 0.25)
      (net 3 /3V3))
    (model ${KISYS3DMOD}/Capacitor_SMD.3dshapes/C_0603_1608Metric.wrl
      (at (xyz 0 0 0))
      (scale (xyz 1 1 1))
      (rotate (xyz 0 0 0))
    )
  )

  (module "official stable:C_0603_1608Metric" (layer F.Cu) (tedit 5B301BBE) (tstamp 5C004D7B)
    (at 195.205001 112.875001)
    (descr "Capacitor SMD 0603 (1608 Metric), square (rectangular) end terminal, IPC_7351 nominal, (Body size source: http://www.tortai-tech.com/upload/download/2011102023233369053.pdf), generated with kicad-footprint-generator")
    (tags capacitor)
    (path /5C027E4E)
    (attr smd)
    (fp_text reference C3 (at 0 -1.43) (layer F.SilkS)
      (effects (font (size 1 1) (thickness 0.15)))
    )
    (fp_text value 1µF (at 0 1.43) (layer F.Fab)
      (effects (font (size 1 1) (thickness 0.15)))
    )
    (fp_text user %R (at 0 0) (layer F.Fab)
      (effects (font (size 0.4 0.4) (thickness 0.06)))
    )
    (fp_line (start 1.48 0.73) (end -1.48 0.73) (layer F.CrtYd) (width 0.05))
    (fp_line (start 1.48 -0.73) (end 1.48 0.73) (layer F.CrtYd) (width 0.05))
    (fp_line (start -1.48 -0.73) (end 1.48 -0.73) (layer F.CrtYd) (width 0.05))
    (fp_line (start -1.48 0.73) (end -1.48 -0.73) (layer F.CrtYd) (width 0.05))
    (fp_line (start -0.162779 0.51) (end 0.162779 0.51) (layer F.SilkS) (width 0.12))
    (fp_line (start -0.162779 -0.51) (end 0.162779 -0.51) (layer F.SilkS) (width 0.12))
    (fp_line (start 0.8 0.4) (end -0.8 0.4) (layer F.Fab) (width 0.1))
    (fp_line (start 0.8 -0.4) (end 0.8 0.4) (layer F.Fab) (width 0.1))
    (fp_line (start -0.8 -0.4) (end 0.8 -0.4) (layer F.Fab) (width 0.1))
    (fp_line (start -0.8 0.4) (end -0.8 -0.4) (layer F.Fab) (width 0.1))
    (pad 2 smd roundrect (at 0.7875 0) (size 0.875 0.95) (layers F.Cu F.Paste F.Mask) (roundrect_rratio 0.25)
      (net 1 GND))
    (pad 1 smd roundrect (at -0.7875 0) (size 0.875 0.95) (layers F.Cu F.Paste F.Mask) (roundrect_rratio 0.25)
      (net 3 /3V3))
    (model ${KISYS3DMOD}/Capacitor_SMD.3dshapes/C_0603_1608Metric.wrl
      (at (xyz 0 0 0))
      (scale (xyz 1 1 1))
      (rotate (xyz 0 0 0))
    )
  )

  (module "official stable:C_0603_1608Metric" (layer F.Cu) (tedit 5B301BBE) (tstamp 5C004D8C)
    (at 196.005001 108.505001)
    (descr "Capacitor SMD 0603 (1608 Metric), square (rectangular) end terminal, IPC_7351 nominal, (Body size source: http://www.tortai-tech.com/upload/download/2011102023233369053.pdf), generated with kicad-footprint-generator")
    (tags capacitor)
    (path /5C027DEA)
    (attr smd)
    (fp_text reference C4 (at 0 -1.43) (layer F.SilkS)
      (effects (font (size 1 1) (thickness 0.15)))
    )
    (fp_text value 0.1µF (at 0 1.43) (layer F.Fab)
      (effects (font (size 1 1) (thickness 0.15)))
    )
    (fp_line (start -0.8 0.4) (end -0.8 -0.4) (layer F.Fab) (width 0.1))
    (fp_line (start -0.8 -0.4) (end 0.8 -0.4) (layer F.Fab) (width 0.1))
    (fp_line (start 0.8 -0.4) (end 0.8 0.4) (layer F.Fab) (width 0.1))
    (fp_line (start 0.8 0.4) (end -0.8 0.4) (layer F.Fab) (width 0.1))
    (fp_line (start -0.162779 -0.51) (end 0.162779 -0.51) (layer F.SilkS) (width 0.12))
    (fp_line (start -0.162779 0.51) (end 0.162779 0.51) (layer F.SilkS) (width 0.12))
    (fp_line (start -1.48 0.73) (end -1.48 -0.73) (layer F.CrtYd) (width 0.05))
    (fp_line (start -1.48 -0.73) (end 1.48 -0.73) (layer F.CrtYd) (width 0.05))
    (fp_line (start 1.48 -0.73) (end 1.48 0.73) (layer F.CrtYd) (width 0.05))
    (fp_line (start 1.48 0.73) (end -1.48 0.73) (layer F.CrtYd) (width 0.05))
    (fp_text user %R (at 0 0) (layer F.Fab)
      (effects (font (size 0.4 0.4) (thickness 0.06)))
    )
    (pad 1 smd roundrect (at -0.7875 0) (size 0.875 0.95) (layers F.Cu F.Paste F.Mask) (roundrect_rratio 0.25)
      (net 3 /3V3))
    (pad 2 smd roundrect (at 0.7875 0) (size 0.875 0.95) (layers F.Cu F.Paste F.Mask) (roundrect_rratio 0.25)
      (net 1 GND))
    (model ${KISYS3DMOD}/Capacitor_SMD.3dshapes/C_0603_1608Metric.wrl
      (at (xyz 0 0 0))
      (scale (xyz 1 1 1))
      (rotate (xyz 0 0 0))
    )
  )

  (module "official stable:C_0603_1608Metric" (layer F.Cu) (tedit 5B301BBE) (tstamp 5C004D9D)
    (at 199.015001 108.505001)
    (descr "Capacitor SMD 0603 (1608 Metric), square (rectangular) end terminal, IPC_7351 nominal, (Body size source: http://www.tortai-tech.com/upload/download/2011102023233369053.pdf), generated with kicad-footprint-generator")
    (tags capacitor)
    (path /5C018CD5)
    (attr smd)
    (fp_text reference C5 (at 0 -1.43) (layer F.SilkS)
      (effects (font (size 1 1) (thickness 0.15)))
    )
    (fp_text value 0.1µF (at 0 1.43) (layer F.Fab)
      (effects (font (size 1 1) (thickness 0.15)))
    )
    (fp_text user %R (at 0 0) (layer F.Fab)
      (effects (font (size 0.4 0.4) (thickness 0.06)))
    )
    (fp_line (start 1.48 0.73) (end -1.48 0.73) (layer F.CrtYd) (width 0.05))
    (fp_line (start 1.48 -0.73) (end 1.48 0.73) (layer F.CrtYd) (width 0.05))
    (fp_line (start -1.48 -0.73) (end 1.48 -0.73) (layer F.CrtYd) (width 0.05))
    (fp_line (start -1.48 0.73) (end -1.48 -0.73) (layer F.CrtYd) (width 0.05))
    (fp_line (start -0.162779 0.51) (end 0.162779 0.51) (layer F.SilkS) (width 0.12))
    (fp_line (start -0.162779 -0.51) (end 0.162779 -0.51) (layer F.SilkS) (width 0.12))
    (fp_line (start 0.8 0.4) (end -0.8 0.4) (layer F.Fab) (width 0.1))
    (fp_line (start 0.8 -0.4) (end 0.8 0.4) (layer F.Fab) (width 0.1))
    (fp_line (start -0.8 -0.4) (end 0.8 -0.4) (layer F.Fab) (width 0.1))
    (fp_line (start -0.8 0.4) (end -0.8 -0.4) (layer F.Fab) (width 0.1))
    (pad 2 smd roundrect (at 0.7875 0) (size 0.875 0.95) (layers F.Cu F.Paste F.Mask) (roundrect_rratio 0.25)
      (net 5 "Net-(C5-Pad2)"))
    (pad 1 smd roundrect (at -0.7875 0) (size 0.875 0.95) (layers F.Cu F.Paste F.Mask) (roundrect_rratio 0.25)
      (net 1 GND))
    (model ${KISYS3DMOD}/Capacitor_SMD.3dshapes/C_0603_1608Metric.wrl
      (at (xyz 0 0 0))
      (scale (xyz 1 1 1))
      (rotate (xyz 0 0 0))
    )
  )

  (module "official stable:C_0603_1608Metric" (layer F.Cu) (tedit 5B301BBE) (tstamp 5C004DAE)
    (at 198.215001 112.875001)
    (descr "Capacitor SMD 0603 (1608 Metric), square (rectangular) end terminal, IPC_7351 nominal, (Body size source: http://www.tortai-tech.com/upload/download/2011102023233369053.pdf), generated with kicad-footprint-generator")
    (tags capacitor)
    (path /5C01C78B)
    (attr smd)
    (fp_text reference C6 (at 0 -1.43) (layer F.SilkS)
      (effects (font (size 1 1) (thickness 0.15)))
    )
    (fp_text value 0.1µF (at 0 1.43) (layer F.Fab)
      (effects (font (size 1 1) (thickness 0.15)))
    )
    (fp_line (start -0.8 0.4) (end -0.8 -0.4) (layer F.Fab) (width 0.1))
    (fp_line (start -0.8 -0.4) (end 0.8 -0.4) (layer F.Fab) (width 0.1))
    (fp_line (start 0.8 -0.4) (end 0.8 0.4) (layer F.Fab) (width 0.1))
    (fp_line (start 0.8 0.4) (end -0.8 0.4) (layer F.Fab) (width 0.1))
    (fp_line (start -0.162779 -0.51) (end 0.162779 -0.51) (layer F.SilkS) (width 0.12))
    (fp_line (start -0.162779 0.51) (end 0.162779 0.51) (layer F.SilkS) (width 0.12))
    (fp_line (start -1.48 0.73) (end -1.48 -0.73) (layer F.CrtYd) (width 0.05))
    (fp_line (start -1.48 -0.73) (end 1.48 -0.73) (layer F.CrtYd) (width 0.05))
    (fp_line (start 1.48 -0.73) (end 1.48 0.73) (layer F.CrtYd) (width 0.05))
    (fp_line (start 1.48 0.73) (end -1.48 0.73) (layer F.CrtYd) (width 0.05))
    (fp_text user %R (at 0 0) (layer F.Fab)
      (effects (font (size 0.4 0.4) (thickness 0.06)))
    )
    (pad 1 smd roundrect (at -0.7875 0) (size 0.875 0.95) (layers F.Cu F.Paste F.Mask) (roundrect_rratio 0.25)
      (net 3 /3V3))
    (pad 2 smd roundrect (at 0.7875 0) (size 0.875 0.95) (layers F.Cu F.Paste F.Mask) (roundrect_rratio 0.25)
      (net 1 GND))
    (model ${KISYS3DMOD}/Capacitor_SMD.3dshapes/C_0603_1608Metric.wrl
      (at (xyz 0 0 0))
      (scale (xyz 1 1 1))
      (rotate (xyz 0 0 0))
    )
  )

  (module "official stable:C_0603_1608Metric" (layer F.Cu) (tedit 5B301BBE) (tstamp 5C004DBF)
    (at 201.225001 112.875001)
    (descr "Capacitor SMD 0603 (1608 Metric), square (rectangular) end terminal, IPC_7351 nominal, (Body size source: http://www.tortai-tech.com/upload/download/2011102023233369053.pdf), generated with kicad-footprint-generator")
    (tags capacitor)
    (path /5C01C7DF)
    (attr smd)
    (fp_text reference C7 (at 0 -1.43) (layer F.SilkS)
      (effects (font (size 1 1) (thickness 0.15)))
    )
    (fp_text value 10µF (at 0 1.43) (layer F.Fab)
      (effects (font (size 1 1) (thickness 0.15)))
    )
    (fp_text user %R (at 0 0) (layer F.Fab)
      (effects (font (size 0.4 0.4) (thickness 0.06)))
    )
    (fp_line (start 1.48 0.73) (end -1.48 0.73) (layer F.CrtYd) (width 0.05))
    (fp_line (start 1.48 -0.73) (end 1.48 0.73) (layer F.CrtYd) (width 0.05))
    (fp_line (start -1.48 -0.73) (end 1.48 -0.73) (layer F.CrtYd) (width 0.05))
    (fp_line (start -1.48 0.73) (end -1.48 -0.73) (layer F.CrtYd) (width 0.05))
    (fp_line (start -0.162779 0.51) (end 0.162779 0.51) (layer F.SilkS) (width 0.12))
    (fp_line (start -0.162779 -0.51) (end 0.162779 -0.51) (layer F.SilkS) (width 0.12))
    (fp_line (start 0.8 0.4) (end -0.8 0.4) (layer F.Fab) (width 0.1))
    (fp_line (start 0.8 -0.4) (end 0.8 0.4) (layer F.Fab) (width 0.1))
    (fp_line (start -0.8 -0.4) (end 0.8 -0.4) (layer F.Fab) (width 0.1))
    (fp_line (start -0.8 0.4) (end -0.8 -0.4) (layer F.Fab) (width 0.1))
    (pad 2 smd roundrect (at 0.7875 0) (size 0.875 0.95) (layers F.Cu F.Paste F.Mask) (roundrect_rratio 0.25)
      (net 1 GND))
    (pad 1 smd roundrect (at -0.7875 0) (size 0.875 0.95) (layers F.Cu F.Paste F.Mask) (roundrect_rratio 0.25)
      (net 3 /3V3))
    (model ${KISYS3DMOD}/Capacitor_SMD.3dshapes/C_0603_1608Metric.wrl
      (at (xyz 0 0 0))
      (scale (xyz 1 1 1))
      (rotate (xyz 0 0 0))
    )
  )

  (module sensor-node-core:CORTEX-DEBUG (layer F.Cu) (tedit 59CBF789) (tstamp 5C004DD2)
    (at 219 118)
    (path /5C0071D0)
    (fp_text reference CD1 (at 0 7.4) (layer F.SilkS)
      (effects (font (size 1 1) (thickness 0.15)))
    )
    (fp_text value CORTEX-DEBUG (at 0 0 90) (layer F.Fab)
      (effects (font (size 1 1) (thickness 0.15)))
    )
    (fp_line (start -2.35 -6.125) (end 2.35 -6.125) (layer F.SilkS) (width 0.4))
    (fp_line (start -2.35 6.125) (end 2.35 6.125) (layer F.SilkS) (width 0.4))
    (fp_line (start -2.35 -6.125) (end -2.35 -1) (layer F.SilkS) (width 0.4))
    (fp_line (start 2.35 -6.125) (end 2.35 6.125) (layer F.SilkS) (width 0.4))
    (fp_line (start -2.35 1) (end -2.35 6.125) (layer F.SilkS) (width 0.4))
    (pad 1 thru_hole rect (at -0.635 -2.54) (size 1 1) (drill 0.7) (layers *.Cu *.Mask)
      (net 3 /3V3))
    (pad 2 thru_hole circle (at 0.635 -2.54) (size 1.1 1.1) (drill 0.7) (layers *.Cu *.Mask)
      (net 6 /SWD_IO))
    (pad 3 thru_hole circle (at -0.635 -1.27) (size 1.1 1.1) (drill 0.7) (layers *.Cu *.Mask)
      (net 1 GND))
    (pad 4 thru_hole circle (at 0.635 -1.27) (size 1.1 1.1) (drill 0.7) (layers *.Cu *.Mask)
      (net 7 /SWD_CLK))
    (pad 5 thru_hole circle (at -0.635 0) (size 1.1 1.1) (drill 0.7) (layers *.Cu *.Mask)
      (net 1 GND))
    (pad 6 thru_hole circle (at 0.635 0) (size 1.1 1.1) (drill 0.7) (layers *.Cu *.Mask))
    (pad 7 thru_hole circle (at -0.635 1.27) (size 1.1 1.1) (drill 0.7) (layers *.Cu *.Mask))
    (pad 8 thru_hole circle (at 0.635 1.27) (size 1.1 1.1) (drill 0.7) (layers *.Cu *.Mask))
    (pad 9 thru_hole circle (at -0.635 2.54) (size 1.1 1.1) (drill 0.7) (layers *.Cu *.Mask)
      (net 1 GND))
    (pad 10 thru_hole circle (at 0.635 2.54) (size 1.1 1.1) (drill 0.7) (layers *.Cu *.Mask))
    (model /home/hannes/Repository/ismGateway/kicad/models/3220-10-0100.wrl
      (at (xyz 0 0 0))
      (scale (xyz 0.4 0.4 0.4))
      (rotate (xyz -90 0 90))
    )
  )

  (module "official stable:C_0603_1608Metric" (layer F.Cu) (tedit 5B301BBE) (tstamp 5C004DE3)
    (at 196.235001 93.115001)
    (descr "Capacitor SMD 0603 (1608 Metric), square (rectangular) end terminal, IPC_7351 nominal, (Body size source: http://www.tortai-tech.com/upload/download/2011102023233369053.pdf), generated with kicad-footprint-generator")
    (tags capacitor)
    (path /5C014BF1)
    (attr smd)
    (fp_text reference R1 (at 0 -1.43) (layer F.SilkS)
      (effects (font (size 1 1) (thickness 0.15)))
    )
    (fp_text value 10k (at 0 1.43) (layer F.Fab)
      (effects (font (size 1 1) (thickness 0.15)))
    )
    (fp_line (start -0.8 0.4) (end -0.8 -0.4) (layer F.Fab) (width 0.1))
    (fp_line (start -0.8 -0.4) (end 0.8 -0.4) (layer F.Fab) (width 0.1))
    (fp_line (start 0.8 -0.4) (end 0.8 0.4) (layer F.Fab) (width 0.1))
    (fp_line (start 0.8 0.4) (end -0.8 0.4) (layer F.Fab) (width 0.1))
    (fp_line (start -0.162779 -0.51) (end 0.162779 -0.51) (layer F.SilkS) (width 0.12))
    (fp_line (start -0.162779 0.51) (end 0.162779 0.51) (layer F.SilkS) (width 0.12))
    (fp_line (start -1.48 0.73) (end -1.48 -0.73) (layer F.CrtYd) (width 0.05))
    (fp_line (start -1.48 -0.73) (end 1.48 -0.73) (layer F.CrtYd) (width 0.05))
    (fp_line (start 1.48 -0.73) (end 1.48 0.73) (layer F.CrtYd) (width 0.05))
    (fp_line (start 1.48 0.73) (end -1.48 0.73) (layer F.CrtYd) (width 0.05))
    (fp_text user %R (at 0 0) (layer F.Fab)
      (effects (font (size 0.4 0.4) (thickness 0.06)))
    )
    (pad 1 smd roundrect (at -0.7875 0) (size 0.875 0.95) (layers F.Cu F.Paste F.Mask) (roundrect_rratio 0.25)
      (net 8 "Net-(R1-Pad1)"))
    (pad 2 smd roundrect (at 0.7875 0) (size 0.875 0.95) (layers F.Cu F.Paste F.Mask) (roundrect_rratio 0.25)
      (net 1 GND))
    (model ${KISYS3DMOD}/Capacitor_SMD.3dshapes/C_0603_1608Metric.wrl
      (at (xyz 0 0 0))
      (scale (xyz 1 1 1))
      (rotate (xyz 0 0 0))
    )
  )

  (module sensor-node-core:RFM98 (layer B.Cu) (tedit 5C0035DA) (tstamp 5C0054C9)
    (at 210.5 102 90)
    (path /5C007237)
    (fp_text reference RFM1 (at -6.5011 -9 90) (layer B.SilkS)
      (effects (font (size 1 1) (thickness 0.15)) (justify mirror))
    )
    (fp_text value RFM98 (at 0 0 90) (layer B.Fab)
      (effects (font (size 1 1) (thickness 0.15)) (justify mirror))
    )
    (fp_line (start -8 8) (end 8 8) (layer B.SilkS) (width 0.15))
    (fp_line (start 8 8) (end 8 -8) (layer B.SilkS) (width 0.15))
    (fp_line (start -8 8) (end -8 -8) (layer B.SilkS) (width 0.15))
    (fp_line (start 8 -8) (end -8 -8) (layer B.SilkS) (width 0.15))
    (fp_circle (center -4.5 6.5) (end -4 6) (layer B.SilkS) (width 0.15))
    (pad 1 smd rect (at -7.5 7 90) (size 3 1.2) (layers B.Cu B.Paste B.Mask)
      (net 1 GND))
    (pad 2 smd rect (at -7.5 5 90) (size 3 1.2) (layers B.Cu B.Paste B.Mask)
      (net 9 /RFM_SPI_MISO))
    (pad 3 smd rect (at -7.5 3 90) (size 3 1.2) (layers B.Cu B.Paste B.Mask)
      (net 10 /RFM_SPI_MOSI))
    (pad 4 smd rect (at -7.5 1 90) (size 3 1.2) (layers B.Cu B.Paste B.Mask)
      (net 11 /RFM_SPI_CLK))
    (pad 5 smd rect (at -7.5 -1 90) (size 3 1.2) (layers B.Cu B.Paste B.Mask)
      (net 12 /~RFM_SPI_CS))
    (pad 6 smd rect (at -7.5 -3 90) (size 3 1.2) (layers B.Cu B.Paste B.Mask)
      (net 13 /RFM_RESET))
    (pad 7 smd rect (at -7.5 -5 90) (size 3 1.2) (layers B.Cu B.Paste B.Mask)
      (net 14 /RFM_DIO5))
    (pad 8 smd rect (at -7.5 -7 90) (size 3 1.2) (layers B.Cu B.Paste B.Mask)
      (net 1 GND))
    (pad 9 smd rect (at 9 -7 90) (size 3 1.2) (drill (offset -1.5 0)) (layers B.Cu B.Paste B.Mask)
      (net 2 "Net-(AE1-Pad1)"))
    (pad 10 smd rect (at 7.5 -5 90) (size 3 1.2) (layers B.Cu B.Paste B.Mask)
      (net 1 GND))
    (pad 11 smd rect (at 7.5 -3 90) (size 3 1.2) (layers B.Cu B.Paste B.Mask)
      (net 15 /RFM_DIO3))
    (pad 12 smd rect (at 7.5 -1 90) (size 3 1.2) (layers B.Cu B.Paste B.Mask)
      (net 16 /RFM_DIO4))
    (pad 13 smd rect (at 7.5 1 90) (size 3 1.2) (layers B.Cu B.Paste B.Mask)
      (net 3 /3V3))
    (pad 14 smd rect (at 7.5 3 90) (size 3 1.2) (layers B.Cu B.Paste B.Mask)
      (net 17 /RFM_DIO0))
    (pad 15 smd rect (at 7.5 5 90) (size 3 1.2) (layers B.Cu B.Paste B.Mask)
      (net 18 /RFM_DIO1))
    (pad 16 smd rect (at 7.5 7 90) (size 3 1.2) (layers B.Cu B.Paste B.Mask)
      (net 19 /RFM_DIO2))
    (model ../../freecad/RFM98.step
      (at (xyz 0 0 0))
      (scale (xyz 1 1 1))
      (rotate (xyz 0 0 0))
    )
  )

  (module sensor-node-core:M50-3150542R (layer F.Cu) (tedit 5C002BC6) (tstamp 5C004E1C)
    (at 207.5 127.5)
    (path /5C007324)
    (fp_text reference SC1 (at 0 3.5) (layer F.SilkS)
      (effects (font (size 1 1) (thickness 0.15)))
    )
    (fp_text value Sensor-Connector (at 0.25 0) (layer F.Fab)
      (effects (font (size 1 1) (thickness 0.15)))
    )
    (fp_line (start -3.365 -1.7) (end 3.365 -1.7) (layer F.SilkS) (width 0.15))
    (fp_line (start -3.365 1.7) (end 3.365 1.7) (layer F.SilkS) (width 0.15))
    (fp_line (start -3.365 -1.7) (end -3.365 1.7) (layer F.SilkS) (width 0.15))
    (fp_line (start 3.365 -1.7) (end 3.365 1.7) (layer F.SilkS) (width 0.15))
    (fp_line (start -4 2) (end -4 3.25) (layer F.SilkS) (width 0.15))
    (fp_line (start -4 3.25) (end -2.75 3.25) (layer F.SilkS) (width 0.15))
    (pad 10 smd rect (at 2.54 -1.925) (size 0.8 1.65) (layers F.Cu F.Paste F.Mask))
    (pad 8 smd rect (at 1.27 -1.925) (size 0.8 1.65) (layers F.Cu F.Paste F.Mask))
    (pad 6 smd rect (at 0 -1.925) (size 0.8 1.65) (layers F.Cu F.Paste F.Mask))
    (pad "" np_thru_hole circle (at 2.54 0.635) (size 0.71 0.71) (drill 0.71) (layers *.Cu *.Mask))
    (pad "" np_thru_hole circle (at 2.54 -0.635) (size 0.71 0.71) (drill 0.71) (layers *.Cu *.Mask))
    (pad "" np_thru_hole circle (at -2.54 0.635) (size 0.71 0.71) (drill 0.71) (layers *.Cu *.Mask))
    (pad "" np_thru_hole circle (at -2.54 -0.635) (size 0.71 0.71) (drill 0.71) (layers *.Cu *.Mask))
    (pad "" np_thru_hole circle (at -1.27 0.635) (size 0.71 0.71) (drill 0.71) (layers *.Cu *.Mask))
    (pad "" np_thru_hole circle (at -1.27 -0.635) (size 0.71 0.71) (drill 0.71) (layers *.Cu *.Mask))
    (pad "" np_thru_hole circle (at 1.27 0.635) (size 0.71 0.71) (drill 0.71) (layers *.Cu *.Mask))
    (pad "" np_thru_hole circle (at 1.27 -0.635) (size 0.71 0.71) (drill 0.71) (layers *.Cu *.Mask))
    (pad "" np_thru_hole circle (at 0 0.635) (size 0.71 0.71) (drill 0.71) (layers *.Cu *.Mask))
    (pad "" np_thru_hole circle (at 0 -0.635) (size 0.71 0.71) (drill 0.71) (layers *.Cu *.Mask))
    (pad "" np_thru_hole circle (at -1.905 0) (size 0.75 0.75) (drill 0.75) (layers *.Cu *.Mask))
    (pad "" np_thru_hole circle (at 1.905 0) (size 0.75 0.75) (drill 0.75) (layers *.Cu *.Mask))
    (pad 4 smd rect (at -1.27 -1.925) (size 0.8 1.65) (layers F.Cu F.Paste F.Mask))
    (pad 2 smd rect (at -2.54 -1.925) (size 0.8 1.65) (layers F.Cu F.Paste F.Mask))
    (pad 5 smd rect (at 0 1.925) (size 0.8 1.65) (layers F.Cu F.Paste F.Mask)
      (net 20 /SEN_I2C_SDA))
    (pad 9 smd rect (at 2.54 1.925) (size 0.8 1.65) (layers F.Cu F.Paste F.Mask))
    (pad 7 smd rect (at 1.27 1.925) (size 0.8 1.65) (layers F.Cu F.Paste F.Mask)
      (net 21 /SEN_I2C_SCL))
    (pad 1 smd rect (at -2.54 1.925) (size 0.8 1.65) (layers F.Cu F.Paste F.Mask)
      (net 1 GND))
    (pad 3 smd rect (at -1.27 1.925) (size 0.8 1.65) (layers F.Cu F.Paste F.Mask)
      (net 3 /3V3))
    (model ../../freecad/M50-3150542R.step
      (at (xyz 0 0 0))
      (scale (xyz 1 1 1))
      (rotate (xyz 0 0 0))
    )
  )

  (module "official stable:LQFP-32_7x7mm_P0.8mm" (layer B.Cu) (tedit 5A02F146) (tstamp 5C00571F)
    (at 210.5 119)
    (descr "LQFP32: plastic low profile quad flat package; 32 leads; body 7 x 7 x 1.4 mm (see NXP sot358-1_po.pdf and sot358-1_fr.pdf)")
    (tags "QFP 0.8")
    (path /5C0072B7)
    (attr smd)
    (fp_text reference STM1 (at 0 5.85) (layer B.SilkS)
      (effects (font (size 1 1) (thickness 0.15)) (justify mirror))
    )
    (fp_text value STM32L021K4T6 (at 0 -5.85) (layer B.Fab)
      (effects (font (size 1 1) (thickness 0.15)) (justify mirror))
    )
    (fp_line (start -3.625 3.4) (end -4.85 3.4) (layer B.SilkS) (width 0.15))
    (fp_line (start 3.625 3.625) (end 3.325 3.625) (layer B.SilkS) (width 0.15))
    (fp_line (start 3.625 -3.625) (end 3.325 -3.625) (layer B.SilkS) (width 0.15))
    (fp_line (start -3.625 -3.625) (end -3.325 -3.625) (layer B.SilkS) (width 0.15))
    (fp_line (start -3.625 3.625) (end -3.325 3.625) (layer B.SilkS) (width 0.15))
    (fp_line (start -3.625 -3.625) (end -3.625 -3.325) (layer B.SilkS) (width 0.15))
    (fp_line (start 3.625 -3.625) (end 3.625 -3.325) (layer B.SilkS) (width 0.15))
    (fp_line (start 3.625 3.625) (end 3.625 3.325) (layer B.SilkS) (width 0.15))
    (fp_line (start -3.625 3.625) (end -3.625 3.4) (layer B.SilkS) (width 0.15))
    (fp_line (start -5.1 -5.1) (end 5.1 -5.1) (layer B.CrtYd) (width 0.05))
    (fp_line (start -5.1 5.1) (end 5.1 5.1) (layer B.CrtYd) (width 0.05))
    (fp_line (start 5.1 5.1) (end 5.1 -5.1) (layer B.CrtYd) (width 0.05))
    (fp_line (start -5.1 5.1) (end -5.1 -5.1) (layer B.CrtYd) (width 0.05))
    (fp_line (start -3.5 2.5) (end -2.5 3.5) (layer B.Fab) (width 0.15))
    (fp_line (start -3.5 -3.5) (end -3.5 2.5) (layer B.Fab) (width 0.15))
    (fp_line (start 3.5 -3.5) (end -3.5 -3.5) (layer B.Fab) (width 0.15))
    (fp_line (start 3.5 3.5) (end 3.5 -3.5) (layer B.Fab) (width 0.15))
    (fp_line (start -2.5 3.5) (end 3.5 3.5) (layer B.Fab) (width 0.15))
    (fp_text user %R (at 0 0) (layer B.Fab)
      (effects (font (size 1 1) (thickness 0.15)) (justify mirror))
    )
    (pad 32 smd rect (at -2.8 4.25 270) (size 1.2 0.6) (layers B.Cu B.Paste B.Mask)
      (net 1 GND))
    (pad 31 smd rect (at -2 4.25 270) (size 1.2 0.6) (layers B.Cu B.Paste B.Mask)
      (net 8 "Net-(R1-Pad1)"))
    (pad 30 smd rect (at -1.2 4.25 270) (size 1.2 0.6) (layers B.Cu B.Paste B.Mask)
      (net 20 /SEN_I2C_SDA))
    (pad 29 smd rect (at -0.4 4.25 270) (size 1.2 0.6) (layers B.Cu B.Paste B.Mask)
      (net 21 /SEN_I2C_SCL))
    (pad 28 smd rect (at 0.4 4.25 270) (size 1.2 0.6) (layers B.Cu B.Paste B.Mask))
    (pad 27 smd rect (at 1.2 4.25 270) (size 1.2 0.6) (layers B.Cu B.Paste B.Mask))
    (pad 26 smd rect (at 2 4.25 270) (size 1.2 0.6) (layers B.Cu B.Paste B.Mask))
    (pad 25 smd rect (at 2.8 4.25 270) (size 1.2 0.6) (layers B.Cu B.Paste B.Mask))
    (pad 24 smd rect (at 4.25 2.8) (size 1.2 0.6) (layers B.Cu B.Paste B.Mask)
      (net 7 /SWD_CLK))
    (pad 23 smd rect (at 4.25 2) (size 1.2 0.6) (layers B.Cu B.Paste B.Mask)
      (net 6 /SWD_IO))
    (pad 22 smd rect (at 4.25 1.2) (size 1.2 0.6) (layers B.Cu B.Paste B.Mask)
      (net 19 /RFM_DIO2))
    (pad 21 smd rect (at 4.25 0.4) (size 1.2 0.6) (layers B.Cu B.Paste B.Mask)
      (net 18 /RFM_DIO1))
    (pad 20 smd rect (at 4.25 -0.4) (size 1.2 0.6) (layers B.Cu B.Paste B.Mask)
      (net 17 /RFM_DIO0))
    (pad 19 smd rect (at 4.25 -1.2) (size 1.2 0.6) (layers B.Cu B.Paste B.Mask)
      (net 16 /RFM_DIO4))
    (pad 18 smd rect (at 4.25 -2) (size 1.2 0.6) (layers B.Cu B.Paste B.Mask)
      (net 15 /RFM_DIO3))
    (pad 17 smd rect (at 4.25 -2.8) (size 1.2 0.6) (layers B.Cu B.Paste B.Mask)
      (net 3 /3V3))
    (pad 16 smd rect (at 2.8 -4.25 270) (size 1.2 0.6) (layers B.Cu B.Paste B.Mask)
      (net 1 GND))
    (pad 15 smd rect (at 2 -4.25 270) (size 1.2 0.6) (layers B.Cu B.Paste B.Mask))
    (pad 14 smd rect (at 1.2 -4.25 270) (size 1.2 0.6) (layers B.Cu B.Paste B.Mask)
      (net 9 /RFM_SPI_MISO))
    (pad 13 smd rect (at 0.4 -4.25 270) (size 1.2 0.6) (layers B.Cu B.Paste B.Mask)
      (net 10 /RFM_SPI_MOSI))
    (pad 12 smd rect (at -0.4 -4.25 270) (size 1.2 0.6) (layers B.Cu B.Paste B.Mask))
    (pad 11 smd rect (at -1.2 -4.25 270) (size 1.2 0.6) (layers B.Cu B.Paste B.Mask)
      (net 11 /RFM_SPI_CLK))
    (pad 10 smd rect (at -2 -4.25 270) (size 1.2 0.6) (layers B.Cu B.Paste B.Mask)
      (net 12 /~RFM_SPI_CS))
    (pad 9 smd rect (at -2.8 -4.25 270) (size 1.2 0.6) (layers B.Cu B.Paste B.Mask)
      (net 13 /RFM_RESET))
    (pad 8 smd rect (at -4.25 -2.8) (size 1.2 0.6) (layers B.Cu B.Paste B.Mask)
      (net 14 /RFM_DIO5))
    (pad 7 smd rect (at -4.25 -2) (size 1.2 0.6) (layers B.Cu B.Paste B.Mask))
    (pad 6 smd rect (at -4.25 -1.2) (size 1.2 0.6) (layers B.Cu B.Paste B.Mask))
    (pad 5 smd rect (at -4.25 -0.4) (size 1.2 0.6) (layers B.Cu B.Paste B.Mask)
      (net 3 /3V3))
    (pad 4 smd rect (at -4.25 0.4) (size 1.2 0.6) (layers B.Cu B.Paste B.Mask)
      (net 4 /~SWD_RESET))
    (pad 3 smd rect (at -4.25 1.2) (size 1.2 0.6) (layers B.Cu B.Paste B.Mask))
    (pad 2 smd rect (at -4.25 2) (size 1.2 0.6) (layers B.Cu B.Paste B.Mask))
    (pad 1 smd rect (at -4.25 2.8) (size 1.2 0.6) (layers B.Cu B.Paste B.Mask)
      (net 5 "Net-(C5-Pad2)"))
    (model ${KISYS3DMOD}/Package_QFP.3dshapes/LQFP-32_7x7mm_P0.8mm.wrl
      (at (xyz 0 0 0))
      (scale (xyz 1 1 1))
      (rotate (xyz 0 0 0))
    )
  )

  (module sensor-node-core:switch (layer F.Cu) (tedit 5A95BDC8) (tstamp 5C006018)
    (at 197.05 127.05 90)
    (path /5C02F74A)
    (fp_text reference SW1 (at 0 0.5 90) (layer F.SilkS)
      (effects (font (size 1 1) (thickness 0.15)))
    )
    (fp_text value SW_Push (at 0 -0.5 90) (layer F.Fab)
      (effects (font (size 1 1) (thickness 0.15)))
    )
    (pad 1 thru_hole circle (at -3.25 -2.25 90) (size 1.7 1.7) (drill 0.99) (layers *.Cu *.Mask)
      (net 1 GND))
    (pad 2 thru_hole circle (at -3.25 2.25 90) (size 1.7 1.7) (drill 0.99) (layers *.Cu *.Mask)
      (net 4 /~SWD_RESET))
    (pad 1 thru_hole circle (at 3.25 -2.25 90) (size 1.7 1.7) (drill 0.99) (layers *.Cu *.Mask)
      (net 1 GND))
    (pad 2 thru_hole circle (at 3.25 2.25 90) (size 1.7 1.7) (drill 0.99) (layers *.Cu *.Mask)
      (net 4 /~SWD_RESET))
    (model Buttons_Switches_THT.3dshapes/SW_PUSH_6mm.wrl
      (offset (xyz -3.047999954223633 2.209799966812134 0))
      (scale (xyz 0.39 0.39 0.39))
      (rotate (xyz 0 0 0))
    )
  )

  (module sensor-node-core:1551J (layer F.Cu) (tedit 5BFF9522) (tstamp 5C0051DF)
    (at 207.5 104.5)
    (fp_text reference REF** (at 0 0.5) (layer F.SilkS) hide
      (effects (font (size 1 1) (thickness 0.15)))
    )
    (fp_text value 1551J (at 0 -0.5) (layer F.Fab) hide
      (effects (font (size 1 1) (thickness 0.15)))
    )
    (fp_circle (center -11.75 15) (end -10.5 15) (layer F.CrtYd) (width 0.15))
    (fp_circle (center 11.75 -15) (end 13 -15) (layer F.CrtYd) (width 0.15))
    (fp_line (start 11.5 21) (end 14.75 21) (layer F.CrtYd) (width 0.15))
    (fp_line (start 8.5 27.25) (end 8.5 24) (layer F.CrtYd) (width 0.15))
    (fp_arc (start 11.5 24) (end 11.5 21) (angle -90) (layer F.CrtYd) (width 0.15))
    (fp_arc (start -11.5 -24) (end -11.5 -21) (angle -90) (layer F.CrtYd) (width 0.15))
    (fp_line (start -8.5 -27.25) (end -8.5 -24) (layer F.CrtYd) (width 0.15))
    (fp_line (start -14.75 -21) (end -11.5 -21) (layer F.CrtYd) (width 0.15))
    (fp_line (start -14.75 -21) (end -14.75 27.25) (layer F.CrtYd) (width 0.15))
    (fp_line (start 14.75 -27.25) (end 14.75 21) (layer F.CrtYd) (width 0.15))
    (fp_line (start -8.5 -27.25) (end 14.75 -27.25) (layer F.CrtYd) (width 0.15))
    (fp_line (start -14.75 27.25) (end 8.5 27.25) (layer F.CrtYd) (width 0.15))
  )

  (module "official stable:MountingHole_2.7mm_M2.5_Pad_Via" (layer F.Cu) (tedit 56DDBBFF) (tstamp 5C0059B4)
    (at 219.25 89.5)
    (descr "Mounting Hole 2.7mm")
    (tags "mounting hole 2.7mm")
    (attr virtual)
    (fp_text reference REF** (at 0 -3.7) (layer F.SilkS)
      (effects (font (size 1 1) (thickness 0.15)))
    )
    (fp_text value MountingHole_2.7mm_M2.5_Pad_Via (at 0 3.7) (layer F.Fab)
      (effects (font (size 1 1) (thickness 0.15)))
    )
    (fp_text user %R (at 0.3 0) (layer F.Fab)
      (effects (font (size 1 1) (thickness 0.15)))
    )
    (fp_circle (center 0 0) (end 2.7 0) (layer Cmts.User) (width 0.15))
    (fp_circle (center 0 0) (end 2.95 0) (layer F.CrtYd) (width 0.05))
    (pad 1 thru_hole circle (at 0 0) (size 5.4 5.4) (drill 2.7) (layers *.Cu *.Mask))
    (pad 1 thru_hole circle (at 2.025 0) (size 0.8 0.8) (drill 0.5) (layers *.Cu *.Mask))
    (pad 1 thru_hole circle (at 1.431891 1.431891) (size 0.8 0.8) (drill 0.5) (layers *.Cu *.Mask))
    (pad 1 thru_hole circle (at 0 2.025) (size 0.8 0.8) (drill 0.5) (layers *.Cu *.Mask))
    (pad 1 thru_hole circle (at -1.431891 1.431891) (size 0.8 0.8) (drill 0.5) (layers *.Cu *.Mask))
    (pad 1 thru_hole circle (at -2.025 0) (size 0.8 0.8) (drill 0.5) (layers *.Cu *.Mask))
    (pad 1 thru_hole circle (at -1.431891 -1.431891) (size 0.8 0.8) (drill 0.5) (layers *.Cu *.Mask))
    (pad 1 thru_hole circle (at 0 -2.025) (size 0.8 0.8) (drill 0.5) (layers *.Cu *.Mask))
    (pad 1 thru_hole circle (at 1.431891 -1.431891) (size 0.8 0.8) (drill 0.5) (layers *.Cu *.Mask))
  )

  (gr_line (start 222.3 125.5) (end 219 125.5) (layer Edge.Cuts) (width 0.15))
  (gr_line (start 216 128.5) (end 216 131.8) (layer Edge.Cuts) (width 0.15))
  (gr_line (start 192.8 83.5) (end 222.3 83.5) (layer Edge.Cuts) (width 0.15))
  (gr_line (start 192.8 131.8) (end 192.8 83.5) (layer Edge.Cuts) (width 0.15))
