(kicad_pcb (version 20171130) (host pcbnew 5.0.0)

  (general
    (thickness 1.6)
    (drawings 12)
    (tracks 230)
    (zones 0)
    (modules 17)
    (nets 26)
  )

  (page A4)
  (layers
    (0 F.Cu signal)
    (31 B.Cu signal)
    (32 B.Adhes user)
    (33 F.Adhes user)
    (34 B.Paste user)
    (35 F.Paste user)
    (36 B.SilkS user)
    (37 F.SilkS user)
    (38 B.Mask user)
    (39 F.Mask user)
    (40 Dwgs.User user)
    (41 Cmts.User user)
    (42 Eco1.User user)
    (43 Eco2.User user)
    (44 Edge.Cuts user)
    (45 Margin user)
    (46 B.CrtYd user)
    (47 F.CrtYd user)
    (48 B.Fab user hide)
    (49 F.Fab user hide)
  )

  (setup
    (last_trace_width 0.15)
    (trace_clearance 0.1)
    (zone_clearance 0.508)
    (zone_45_only no)
    (trace_min 0.1)
    (segment_width 0.2)
    (edge_width 0.15)
    (via_size 0.5)
    (via_drill 0.25)
    (via_min_size 0.45)
    (via_min_drill 0.2)
    (uvia_size 0.3)
    (uvia_drill 0.1)
    (uvias_allowed no)
    (uvia_min_size 0.2)
    (uvia_min_drill 0.1)
    (pcb_text_width 0.3)
    (pcb_text_size 1.5 1.5)
    (mod_edge_width 0.15)
    (mod_text_size 1 1)
    (mod_text_width 0.15)
    (pad_size 1.524 1.524)
    (pad_drill 0.762)
    (pad_to_mask_clearance 0.2)
    (aux_axis_origin 0 0)
    (visible_elements FFFFFF7F)
    (pcbplotparams
      (layerselection 0x010fc_ffffffff)
      (usegerberextensions false)
      (usegerberattributes false)
      (usegerberadvancedattributes false)
      (creategerberjobfile false)
      (excludeedgelayer true)
      (linewidth 0.100000)
      (plotframeref false)
      (viasonmask false)
      (mode 1)
      (useauxorigin false)
      (hpglpennumber 1)
      (hpglpenspeed 20)
      (hpglpendiameter 15.000000)
      (psnegative false)
      (psa4output false)
      (plotreference true)
      (plotvalue true)
      (plotinvisibletext false)
      (padsonsilk false)
      (subtractmaskfromsilk false)
      (outputformat 1)
      (mirror false)
      (drillshape 1)
      (scaleselection 1)
      (outputdirectory ""))
  )

  (net 0 "")
  (net 1 GND)
  (net 2 /3V3)
  (net 3 /SWD_IO)
  (net 4 /SWD_CLK)
  (net 5 "Net-(R1-Pad1)")
  (net 6 /RFM_SPI_MISO)
  (net 7 /RFM_SPI_MOSI)
  (net 8 /RFM_SPI_CLK)
  (net 9 /~RFM_SPI_CS)
  (net 10 /RFM_RESET)
  (net 11 /RFM_DIO5)
  (net 12 /RFM_DIO3)
  (net 13 /RFM_DIO4)
  (net 14 /RFM_DIO0)
  (net 15 /RFM_DIO1)
  (net 16 /RFM_DIO2)
  (net 17 /SEN_I2C_SDA)
  (net 18 /SEN_I2C_SCL)
  (net 19 /~SWD_RST)
  (net 20 /SEN_GPIO_2)
  (net 21 /~SEN_SPI_CS)
  (net 22 /SEN_SPI_CLK)
  (net 23 /SEN_SPI_MOSI)
  (net 24 /SEN_SPI_MISO)
  (net 25 /SEN_GPIO_1)

  (net_class Default "This is the default net class."
    (clearance 0.1)
    (trace_width 0.15)
    (via_dia 0.5)
    (via_drill 0.25)
    (uvia_dia 0.3)
    (uvia_drill 0.1)
    (add_net /RFM_DIO0)
    (add_net /RFM_DIO1)
    (add_net /RFM_DIO2)
    (add_net /RFM_DIO3)
    (add_net /RFM_DIO4)
    (add_net /RFM_DIO5)
    (add_net /RFM_RESET)
    (add_net /RFM_SPI_CLK)
    (add_net /RFM_SPI_MISO)
    (add_net /RFM_SPI_MOSI)
    (add_net /SEN_GPIO_1)
    (add_net /SEN_GPIO_2)
    (add_net /SEN_I2C_SCL)
    (add_net /SEN_I2C_SDA)
    (add_net /SEN_SPI_CLK)
    (add_net /SEN_SPI_MISO)
    (add_net /SEN_SPI_MOSI)
    (add_net /SWD_CLK)
    (add_net /SWD_IO)
    (add_net /~RFM_SPI_CS)
    (add_net /~SEN_SPI_CS)
    (add_net /~SWD_RST)
    (add_net "Net-(R1-Pad1)")
  )

  (net_class Power ""
    (clearance 0.2)
    (trace_width 0.25)
    (via_dia 0.6)
    (via_drill 0.3)
    (uvia_dia 0.3)
    (uvia_drill 0.1)
    (add_net /3V3)
    (add_net GND)
  )

  (module "official stable:MountingHole_2.7mm_M2.5_Pad_Via" (layer F.Cu) (tedit 5C00FBE9) (tstamp 5C00FA4B)
    (at 138.25 115)
    (descr "Mounting Hole 2.7mm")
    (tags "mounting hole 2.7mm")
    (attr virtual)
    (fp_text reference REF** (at 0 -3.7) (layer F.SilkS) hide
      (effects (font (size 1 1) (thickness 0.15)))
    )
    (fp_text value MountingHole_2.7mm_M2.5_Pad_Via (at 0 3.7) (layer F.Fab)
      (effects (font (size 1 1) (thickness 0.15)))
    )
    (fp_circle (center 0 0) (end 2.95 0) (layer F.CrtYd) (width 0.05))
    (fp_circle (center 0 0) (end 2.7 0) (layer Cmts.User) (width 0.15))
    (fp_text user %R (at 0.3 0) (layer F.Fab)
      (effects (font (size 1 1) (thickness 0.15)))
    )
    (pad 1 thru_hole circle (at 1.431891 -1.431891) (size 0.8 0.8) (drill 0.5) (layers *.Cu *.Mask))
    (pad 1 thru_hole circle (at 0 -2.025) (size 0.8 0.8) (drill 0.5) (layers *.Cu *.Mask))
    (pad 1 thru_hole circle (at -1.431891 -1.431891) (size 0.8 0.8) (drill 0.5) (layers *.Cu *.Mask))
    (pad 1 thru_hole circle (at -2.025 0) (size 0.8 0.8) (drill 0.5) (layers *.Cu *.Mask))
    (pad 1 thru_hole circle (at -1.431891 1.431891) (size 0.8 0.8) (drill 0.5) (layers *.Cu *.Mask))
    (pad 1 thru_hole circle (at 0 2.025) (size 0.8 0.8) (drill 0.5) (layers *.Cu *.Mask))
    (pad 1 thru_hole circle (at 1.431891 1.431891) (size 0.8 0.8) (drill 0.5) (layers *.Cu *.Mask))
    (pad 1 thru_hole circle (at 2.025 0) (size 0.8 0.8) (drill 0.5) (layers *.Cu *.Mask))
    (pad 1 thru_hole circle (at 0 0) (size 5.4 5.4) (drill 2.7) (layers *.Cu *.Mask))
  )

  (module sensor-node-core:BU2032-1-G (layer F.Cu) (tedit 5C000105) (tstamp 5C004D48)
    (at 150 95.2)
    (path /5C007176)
    (fp_text reference B1 (at 0 0.5) (layer F.SilkS)
      (effects (font (size 1 1) (thickness 0.15)))
    )
    (fp_text value BU2032-1-G (at 0 -0.5) (layer F.Fab)
      (effects (font (size 1 1) (thickness 0.15)))
    )
    (fp_line (start -14.4 -3.5) (end 14.2 -3.5) (layer F.SilkS) (width 0.15))
    (fp_line (start -14.4 3.5) (end 14.2 3.5) (layer F.SilkS) (width 0.15))
    (fp_line (start -14.4 -3.5) (end -14.4 3.5) (layer F.SilkS) (width 0.15))
    (fp_line (start 14.2 3.5) (end 14.2 -3.5) (layer F.SilkS) (width 0.15))
    (fp_arc (start -0.1 0) (end -7.999999 -7.999999) (angle -95.2) (layer F.SilkS) (width 0.15))
    (fp_arc (start -0.100001 -0.000001) (end 8 -8) (angle 93.7) (layer F.SilkS) (width 0.15))
    (fp_line (start -8 -8) (end 8 -8) (layer F.SilkS) (width 0.15))
    (fp_line (start -7.3 8.6) (end 7.3 8.6) (layer F.SilkS) (width 0.15))
    (fp_circle (center -0.1 0) (end 9.9 -0.1) (layer F.CrtYd) (width 0.15))
    (pad 2 thru_hole circle (at 13.45 0) (size 1.6 1.6) (drill 1) (layers *.Cu *.Mask)
      (net 1 GND))
    (pad 1 thru_hole circle (at -13.45 -1.27) (size 1.6 1.6) (drill 1) (layers *.Cu *.Mask)
      (net 2 /3V3))
    (pad 1 thru_hole circle (at -13.45 1.27) (size 1.6 1.6) (drill 1) (layers *.Cu *.Mask)
      (net 2 /3V3))
    (model ../../freecad/BU2032-1-G.step
      (at (xyz 0 0 0))
      (scale (xyz 1 1 1))
      (rotate (xyz 0 0 0))
    )
  )

  (module "official stable:C_0603_1608Metric" (layer B.Cu) (tedit 5B301BBE) (tstamp 5C0105D8)
    (at 145.1 110.2 180)
    (descr "Capacitor SMD 0603 (1608 Metric), square (rectangular) end terminal, IPC_7351 nominal, (Body size source: http://www.tortai-tech.com/upload/download/2011102023233369053.pdf), generated with kicad-footprint-generator")
    (tags capacitor)
    (path /5C02F66C)
    (attr smd)
    (fp_text reference C1 (at 2.55 0 180) (layer B.SilkS)
      (effects (font (size 1 1) (thickness 0.15)) (justify mirror))
    )
    (fp_text value 0.1µF (at 0 -1.43 180) (layer B.Fab)
      (effects (font (size 1 1) (thickness 0.15)) (justify mirror))
    )
    (fp_line (start -0.8 -0.4) (end -0.8 0.4) (layer B.Fab) (width 0.1))
    (fp_line (start -0.8 0.4) (end 0.8 0.4) (layer B.Fab) (width 0.1))
    (fp_line (start 0.8 0.4) (end 0.8 -0.4) (layer B.Fab) (width 0.1))
    (fp_line (start 0.8 -0.4) (end -0.8 -0.4) (layer B.Fab) (width 0.1))
    (fp_line (start -0.162779 0.51) (end 0.162779 0.51) (layer B.SilkS) (width 0.12))
    (fp_line (start -0.162779 -0.51) (end 0.162779 -0.51) (layer B.SilkS) (width 0.12))
    (fp_line (start -1.48 -0.73) (end -1.48 0.73) (layer B.CrtYd) (width 0.05))
    (fp_line (start -1.48 0.73) (end 1.48 0.73) (layer B.CrtYd) (width 0.05))
    (fp_line (start 1.48 0.73) (end 1.48 -0.73) (layer B.CrtYd) (width 0.05))
    (fp_line (start 1.48 -0.73) (end -1.48 -0.73) (layer B.CrtYd) (width 0.05))
    (fp_text user %R (at 0 0 180) (layer B.Fab)
      (effects (font (size 0.4 0.4) (thickness 0.06)) (justify mirror))
    )
    (pad 1 smd roundrect (at -0.7875 0 180) (size 0.875 0.95) (layers B.Cu B.Paste B.Mask) (roundrect_rratio 0.25)
      (net 19 /~SWD_RST))
    (pad 2 smd roundrect (at 0.7875 0 180) (size 0.875 0.95) (layers B.Cu B.Paste B.Mask) (roundrect_rratio 0.25)
      (net 1 GND))
    (model ${KISYS3DMOD}/Capacitor_SMD.3dshapes/C_0603_1608Metric.wrl
      (at (xyz 0 0 0))
      (scale (xyz 1 1 1))
      (rotate (xyz 0 0 0))
    )
  )

  (module "official stable:C_0603_1608Metric" (layer F.Cu) (tedit 5B301BBE) (tstamp 5C00FD58)
    (at 149.65 83.6 180)
    (descr "Capacitor SMD 0603 (1608 Metric), square (rectangular) end terminal, IPC_7351 nominal, (Body size source: http://www.tortai-tech.com/upload/download/2011102023233369053.pdf), generated with kicad-footprint-generator")
    (tags capacitor)
    (path /5C013446)
    (attr smd)
    (fp_text reference C2 (at -2.75 0 180) (layer F.SilkS)
      (effects (font (size 1 1) (thickness 0.15)))
    )
    (fp_text value 0.1µF (at 0 1.43 180) (layer F.Fab)
      (effects (font (size 1 1) (thickness 0.15)))
    )
    (fp_text user %R (at 0 0 180) (layer F.Fab)
      (effects (font (size 0.4 0.4) (thickness 0.06)))
    )
    (fp_line (start 1.48 0.73) (end -1.48 0.73) (layer F.CrtYd) (width 0.05))
    (fp_line (start 1.48 -0.73) (end 1.48 0.73) (layer F.CrtYd) (width 0.05))
    (fp_line (start -1.48 -0.73) (end 1.48 -0.73) (layer F.CrtYd) (width 0.05))
    (fp_line (start -1.48 0.73) (end -1.48 -0.73) (layer F.CrtYd) (width 0.05))
    (fp_line (start -0.162779 0.51) (end 0.162779 0.51) (layer F.SilkS) (width 0.12))
    (fp_line (start -0.162779 -0.51) (end 0.162779 -0.51) (layer F.SilkS) (width 0.12))
    (fp_line (start 0.8 0.4) (end -0.8 0.4) (layer F.Fab) (width 0.1))
    (fp_line (start 0.8 -0.4) (end 0.8 0.4) (layer F.Fab) (width 0.1))
    (fp_line (start -0.8 -0.4) (end 0.8 -0.4) (layer F.Fab) (width 0.1))
    (fp_line (start -0.8 0.4) (end -0.8 -0.4) (layer F.Fab) (width 0.1))
    (pad 2 smd roundrect (at 0.7875 0 180) (size 0.875 0.95) (layers F.Cu F.Paste F.Mask) (roundrect_rratio 0.25)
      (net 1 GND))
    (pad 1 smd roundrect (at -0.7875 0 180) (size 0.875 0.95) (layers F.Cu F.Paste F.Mask) (roundrect_rratio 0.25)
      (net 2 /3V3))
    (model ${KISYS3DMOD}/Capacitor_SMD.3dshapes/C_0603_1608Metric.wrl
      (at (xyz 0 0 0))
      (scale (xyz 1 1 1))
      (rotate (xyz 0 0 0))
    )
  )

  (module "official stable:C_0603_1608Metric" (layer B.Cu) (tedit 5B301BBE) (tstamp 5C010578)
    (at 144.15 107.8 90)
    (descr "Capacitor SMD 0603 (1608 Metric), square (rectangular) end terminal, IPC_7351 nominal, (Body size source: http://www.tortai-tech.com/upload/download/2011102023233369053.pdf), generated with kicad-footprint-generator")
    (tags capacitor)
    (path /5C027E4E)
    (attr smd)
    (fp_text reference C3 (at 2.45 0.05 90) (layer B.SilkS)
      (effects (font (size 1 1) (thickness 0.15)) (justify mirror))
    )
    (fp_text value 1µF (at 0 -1.43 90) (layer B.Fab)
      (effects (font (size 1 1) (thickness 0.15)) (justify mirror))
    )
    (fp_text user %R (at 0 0 90) (layer B.Fab)
      (effects (font (size 0.4 0.4) (thickness 0.06)) (justify mirror))
    )
    (fp_line (start 1.48 -0.73) (end -1.48 -0.73) (layer B.CrtYd) (width 0.05))
    (fp_line (start 1.48 0.73) (end 1.48 -0.73) (layer B.CrtYd) (width 0.05))
    (fp_line (start -1.48 0.73) (end 1.48 0.73) (layer B.CrtYd) (width 0.05))
    (fp_line (start -1.48 -0.73) (end -1.48 0.73) (layer B.CrtYd) (width 0.05))
    (fp_line (start -0.162779 -0.51) (end 0.162779 -0.51) (layer B.SilkS) (width 0.12))
    (fp_line (start -0.162779 0.51) (end 0.162779 0.51) (layer B.SilkS) (width 0.12))
    (fp_line (start 0.8 -0.4) (end -0.8 -0.4) (layer B.Fab) (width 0.1))
    (fp_line (start 0.8 0.4) (end 0.8 -0.4) (layer B.Fab) (width 0.1))
    (fp_line (start -0.8 0.4) (end 0.8 0.4) (layer B.Fab) (width 0.1))
    (fp_line (start -0.8 -0.4) (end -0.8 0.4) (layer B.Fab) (width 0.1))
    (pad 2 smd roundrect (at 0.7875 0 90) (size 0.875 0.95) (layers B.Cu B.Paste B.Mask) (roundrect_rratio 0.25)
      (net 1 GND))
    (pad 1 smd roundrect (at -0.7875 0 90) (size 0.875 0.95) (layers B.Cu B.Paste B.Mask) (roundrect_rratio 0.25)
      (net 2 /3V3))
    (model ${KISYS3DMOD}/Capacitor_SMD.3dshapes/C_0603_1608Metric.wrl
      (at (xyz 0 0 0))
      (scale (xyz 1 1 1))
      (rotate (xyz 0 0 0))
    )
  )

  (module "official stable:C_0603_1608Metric" (layer B.Cu) (tedit 5B301BBE) (tstamp 5C010548)
    (at 146 107.85 90)
    (descr "Capacitor SMD 0603 (1608 Metric), square (rectangular) end terminal, IPC_7351 nominal, (Body size source: http://www.tortai-tech.com/upload/download/2011102023233369053.pdf), generated with kicad-footprint-generator")
    (tags capacitor)
    (path /5C027DEA)
    (attr smd)
    (fp_text reference C4 (at 2.5 0 90) (layer B.SilkS)
      (effects (font (size 1 1) (thickness 0.15)) (justify mirror))
    )
    (fp_text value 0.1µF (at 0 -1.43 90) (layer B.Fab)
      (effects (font (size 1 1) (thickness 0.15)) (justify mirror))
    )
    (fp_line (start -0.8 -0.4) (end -0.8 0.4) (layer B.Fab) (width 0.1))
    (fp_line (start -0.8 0.4) (end 0.8 0.4) (layer B.Fab) (width 0.1))
    (fp_line (start 0.8 0.4) (end 0.8 -0.4) (layer B.Fab) (width 0.1))
    (fp_line (start 0.8 -0.4) (end -0.8 -0.4) (layer B.Fab) (width 0.1))
    (fp_line (start -0.162779 0.51) (end 0.162779 0.51) (layer B.SilkS) (width 0.12))
    (fp_line (start -0.162779 -0.51) (end 0.162779 -0.51) (layer B.SilkS) (width 0.12))
    (fp_line (start -1.48 -0.73) (end -1.48 0.73) (layer B.CrtYd) (width 0.05))
    (fp_line (start -1.48 0.73) (end 1.48 0.73) (layer B.CrtYd) (width 0.05))
    (fp_line (start 1.48 0.73) (end 1.48 -0.73) (layer B.CrtYd) (width 0.05))
    (fp_line (start 1.48 -0.73) (end -1.48 -0.73) (layer B.CrtYd) (width 0.05))
    (fp_text user %R (at 0 0 90) (layer B.Fab)
      (effects (font (size 0.4 0.4) (thickness 0.06)) (justify mirror))
    )
    (pad 1 smd roundrect (at -0.7875 0 90) (size 0.875 0.95) (layers B.Cu B.Paste B.Mask) (roundrect_rratio 0.25)
      (net 2 /3V3))
    (pad 2 smd roundrect (at 0.7875 0 90) (size 0.875 0.95) (layers B.Cu B.Paste B.Mask) (roundrect_rratio 0.25)
      (net 1 GND))
    (model ${KISYS3DMOD}/Capacitor_SMD.3dshapes/C_0603_1608Metric.wrl
      (at (xyz 0 0 0))
      (scale (xyz 1 1 1))
      (rotate (xyz 0 0 0))
    )
  )

  (module "official stable:C_0603_1608Metric" (layer B.Cu) (tedit 5B301BBE) (tstamp 5C010518)
    (at 145.9 112.6 90)
    (descr "Capacitor SMD 0603 (1608 Metric), square (rectangular) end terminal, IPC_7351 nominal, (Body size source: http://www.tortai-tech.com/upload/download/2011102023233369053.pdf), generated with kicad-footprint-generator")
    (tags capacitor)
    (path /5C018CD5)
    (attr smd)
    (fp_text reference C5 (at -2.6 0 90) (layer B.SilkS)
      (effects (font (size 1 1) (thickness 0.15)) (justify mirror))
    )
    (fp_text value 0.1µF (at 0 -1.43 90) (layer B.Fab)
      (effects (font (size 1 1) (thickness 0.15)) (justify mirror))
    )
    (fp_text user %R (at 0 0 90) (layer B.Fab)
      (effects (font (size 0.4 0.4) (thickness 0.06)) (justify mirror))
    )
    (fp_line (start 1.48 -0.73) (end -1.48 -0.73) (layer B.CrtYd) (width 0.05))
    (fp_line (start 1.48 0.73) (end 1.48 -0.73) (layer B.CrtYd) (width 0.05))
    (fp_line (start -1.48 0.73) (end 1.48 0.73) (layer B.CrtYd) (width 0.05))
    (fp_line (start -1.48 -0.73) (end -1.48 0.73) (layer B.CrtYd) (width 0.05))
    (fp_line (start -0.162779 -0.51) (end 0.162779 -0.51) (layer B.SilkS) (width 0.12))
    (fp_line (start -0.162779 0.51) (end 0.162779 0.51) (layer B.SilkS) (width 0.12))
    (fp_line (start 0.8 -0.4) (end -0.8 -0.4) (layer B.Fab) (width 0.1))
    (fp_line (start 0.8 0.4) (end 0.8 -0.4) (layer B.Fab) (width 0.1))
    (fp_line (start -0.8 0.4) (end 0.8 0.4) (layer B.Fab) (width 0.1))
    (fp_line (start -0.8 -0.4) (end -0.8 0.4) (layer B.Fab) (width 0.1))
    (pad 2 smd roundrect (at 0.7875 0 90) (size 0.875 0.95) (layers B.Cu B.Paste B.Mask) (roundrect_rratio 0.25)
      (net 2 /3V3))
    (pad 1 smd roundrect (at -0.7875 0 90) (size 0.875 0.95) (layers B.Cu B.Paste B.Mask) (roundrect_rratio 0.25)
      (net 1 GND))
    (model ${KISYS3DMOD}/Capacitor_SMD.3dshapes/C_0603_1608Metric.wrl
      (at (xyz 0 0 0))
      (scale (xyz 1 1 1))
      (rotate (xyz 0 0 0))
    )
  )

  (module "official stable:C_0603_1608Metric" (layer B.Cu) (tedit 5B301BBE) (tstamp 5C0105A8)
    (at 157.2 103.45 90)
    (descr "Capacitor SMD 0603 (1608 Metric), square (rectangular) end terminal, IPC_7351 nominal, (Body size source: http://www.tortai-tech.com/upload/download/2011102023233369053.pdf), generated with kicad-footprint-generator")
    (tags capacitor)
    (path /5C01C78B)
    (attr smd)
    (fp_text reference C6 (at -2.5 1.1 90) (layer B.SilkS)
      (effects (font (size 1 1) (thickness 0.15)) (justify mirror))
    )
    (fp_text value 0.1µF (at 0 -1.43 90) (layer B.Fab)
      (effects (font (size 1 1) (thickness 0.15)) (justify mirror))
    )
    (fp_line (start -0.8 -0.4) (end -0.8 0.4) (layer B.Fab) (width 0.1))
    (fp_line (start -0.8 0.4) (end 0.8 0.4) (layer B.Fab) (width 0.1))
    (fp_line (start 0.8 0.4) (end 0.8 -0.4) (layer B.Fab) (width 0.1))
    (fp_line (start 0.8 -0.4) (end -0.8 -0.4) (layer B.Fab) (width 0.1))
    (fp_line (start -0.162779 0.51) (end 0.162779 0.51) (layer B.SilkS) (width 0.12))
    (fp_line (start -0.162779 -0.51) (end 0.162779 -0.51) (layer B.SilkS) (width 0.12))
    (fp_line (start -1.48 -0.73) (end -1.48 0.73) (layer B.CrtYd) (width 0.05))
    (fp_line (start -1.48 0.73) (end 1.48 0.73) (layer B.CrtYd) (width 0.05))
    (fp_line (start 1.48 0.73) (end 1.48 -0.73) (layer B.CrtYd) (width 0.05))
    (fp_line (start 1.48 -0.73) (end -1.48 -0.73) (layer B.CrtYd) (width 0.05))
    (fp_text user %R (at 0 0 90) (layer B.Fab)
      (effects (font (size 0.4 0.4) (thickness 0.06)) (justify mirror))
    )
    (pad 1 smd roundrect (at -0.7875 0 90) (size 0.875 0.95) (layers B.Cu B.Paste B.Mask) (roundrect_rratio 0.25)
      (net 2 /3V3))
    (pad 2 smd roundrect (at 0.7875 0 90) (size 0.875 0.95) (layers B.Cu B.Paste B.Mask) (roundrect_rratio 0.25)
      (net 1 GND))
    (model ${KISYS3DMOD}/Capacitor_SMD.3dshapes/C_0603_1608Metric.wrl
      (at (xyz 0 0 0))
      (scale (xyz 1 1 1))
      (rotate (xyz 0 0 0))
    )
  )

  (module "official stable:C_0603_1608Metric" (layer B.Cu) (tedit 5B301BBE) (tstamp 5C0104E8)
    (at 159.35 103.45 90)
    (descr "Capacitor SMD 0603 (1608 Metric), square (rectangular) end terminal, IPC_7351 nominal, (Body size source: http://www.tortai-tech.com/upload/download/2011102023233369053.pdf), generated with kicad-footprint-generator")
    (tags capacitor)
    (path /5C01C7DF)
    (attr smd)
    (fp_text reference C7 (at -2.45 0.7 90) (layer B.SilkS)
      (effects (font (size 1 1) (thickness 0.15)) (justify mirror))
    )
    (fp_text value 10µF (at 0 -1.43 90) (layer B.Fab)
      (effects (font (size 1 1) (thickness 0.15)) (justify mirror))
    )
    (fp_text user %R (at 0 0 90) (layer B.Fab)
      (effects (font (size 0.4 0.4) (thickness 0.06)) (justify mirror))
    )
    (fp_line (start 1.48 -0.73) (end -1.48 -0.73) (layer B.CrtYd) (width 0.05))
    (fp_line (start 1.48 0.73) (end 1.48 -0.73) (layer B.CrtYd) (width 0.05))
    (fp_line (start -1.48 0.73) (end 1.48 0.73) (layer B.CrtYd) (width 0.05))
    (fp_line (start -1.48 -0.73) (end -1.48 0.73) (layer B.CrtYd) (width 0.05))
    (fp_line (start -0.162779 -0.51) (end 0.162779 -0.51) (layer B.SilkS) (width 0.12))
    (fp_line (start -0.162779 0.51) (end 0.162779 0.51) (layer B.SilkS) (width 0.12))
    (fp_line (start 0.8 -0.4) (end -0.8 -0.4) (layer B.Fab) (width 0.1))
    (fp_line (start 0.8 0.4) (end 0.8 -0.4) (layer B.Fab) (width 0.1))
    (fp_line (start -0.8 0.4) (end 0.8 0.4) (layer B.Fab) (width 0.1))
    (fp_line (start -0.8 -0.4) (end -0.8 0.4) (layer B.Fab) (width 0.1))
    (pad 2 smd roundrect (at 0.7875 0 90) (size 0.875 0.95) (layers B.Cu B.Paste B.Mask) (roundrect_rratio 0.25)
      (net 1 GND))
    (pad 1 smd roundrect (at -0.7875 0 90) (size 0.875 0.95) (layers B.Cu B.Paste B.Mask) (roundrect_rratio 0.25)
      (net 2 /3V3))
    (model ${KISYS3DMOD}/Capacitor_SMD.3dshapes/C_0603_1608Metric.wrl
      (at (xyz 0 0 0))
      (scale (xyz 1 1 1))
      (rotate (xyz 0 0 0))
    )
  )

  (module sensor-node-core:CORTEX-DEBUG (layer F.Cu) (tedit 59CBF789) (tstamp 5C00FBE0)
    (at 161.3 113.75)
    (path /5C0071D0)
    (fp_text reference CD1 (at 0 -7.35) (layer F.SilkS)
      (effects (font (size 1 1) (thickness 0.15)))
    )
    (fp_text value CORTEX-DEBUG (at 0 0 90) (layer F.Fab)
      (effects (font (size 1 1) (thickness 0.15)))
    )
    (fp_line (start -2.35 -6.125) (end 2.35 -6.125) (layer F.SilkS) (width 0.4))
    (fp_line (start -2.35 6.125) (end 2.35 6.125) (layer F.SilkS) (width 0.4))
    (fp_line (start -2.35 -6.125) (end -2.35 -1) (layer F.SilkS) (width 0.4))
    (fp_line (start 2.35 -6.125) (end 2.35 6.125) (layer F.SilkS) (width 0.4))
    (fp_line (start -2.35 1) (end -2.35 6.125) (layer F.SilkS) (width 0.4))
    (pad 1 thru_hole rect (at -0.635 -2.54) (size 1 1) (drill 0.7) (layers *.Cu *.Mask)
      (net 2 /3V3))
    (pad 2 thru_hole circle (at 0.635 -2.54) (size 1.1 1.1) (drill 0.7) (layers *.Cu *.Mask)
      (net 3 /SWD_IO))
    (pad 3 thru_hole circle (at -0.635 -1.27) (size 1.1 1.1) (drill 0.7) (layers *.Cu *.Mask)
      (net 1 GND))
    (pad 4 thru_hole circle (at 0.635 -1.27) (size 1.1 1.1) (drill 0.7) (layers *.Cu *.Mask)
      (net 4 /SWD_CLK))
    (pad 5 thru_hole circle (at -0.635 0) (size 1.1 1.1) (drill 0.7) (layers *.Cu *.Mask)
      (net 1 GND))
    (pad 6 thru_hole circle (at 0.635 0) (size 1.1 1.1) (drill 0.7) (layers *.Cu *.Mask))
    (pad 7 thru_hole circle (at -0.635 1.27) (size 1.1 1.1) (drill 0.7) (layers *.Cu *.Mask))
    (pad 8 thru_hole circle (at 0.635 1.27) (size 1.1 1.1) (drill 0.7) (layers *.Cu *.Mask))
    (pad 9 thru_hole circle (at -0.635 2.54) (size 1.1 1.1) (drill 0.7) (layers *.Cu *.Mask)
      (net 1 GND))
    (pad 10 thru_hole circle (at 0.635 2.54) (size 1.1 1.1) (drill 0.7) (layers *.Cu *.Mask)
      (net 19 /~SWD_RST))
    (model /home/hannes/Repository/ismGateway/kicad/models/3220-10-0100.wrl
      (at (xyz 0 0 0))
      (scale (xyz 0.4 0.4 0.4))
      (rotate (xyz -90 0 90))
    )
  )

  (module "official stable:C_0603_1608Metric" (layer B.Cu) (tedit 5B301BBE) (tstamp 5C010608)
    (at 149.5 115.35 180)
    (descr "Capacitor SMD 0603 (1608 Metric), square (rectangular) end terminal, IPC_7351 nominal, (Body size source: http://www.tortai-tech.com/upload/download/2011102023233369053.pdf), generated with kicad-footprint-generator")
    (tags capacitor)
    (path /5C014BF1)
    (attr smd)
    (fp_text reference R1 (at -2.45 0 180) (layer B.SilkS)
      (effects (font (size 1 1) (thickness 0.15)) (justify mirror))
    )
    (fp_text value 10k (at 0 -1.43 180) (layer B.Fab)
      (effects (font (size 1 1) (thickness 0.15)) (justify mirror))
    )
    (fp_line (start -0.8 -0.4) (end -0.8 0.4) (layer B.Fab) (width 0.1))
    (fp_line (start -0.8 0.4) (end 0.8 0.4) (layer B.Fab) (width 0.1))
    (fp_line (start 0.8 0.4) (end 0.8 -0.4) (layer B.Fab) (width 0.1))
    (fp_line (start 0.8 -0.4) (end -0.8 -0.4) (layer B.Fab) (width 0.1))
    (fp_line (start -0.162779 0.51) (end 0.162779 0.51) (layer B.SilkS) (width 0.12))
    (fp_line (start -0.162779 -0.51) (end 0.162779 -0.51) (layer B.SilkS) (width 0.12))
    (fp_line (start -1.48 -0.73) (end -1.48 0.73) (layer B.CrtYd) (width 0.05))
    (fp_line (start -1.48 0.73) (end 1.48 0.73) (layer B.CrtYd) (width 0.05))
    (fp_line (start 1.48 0.73) (end 1.48 -0.73) (layer B.CrtYd) (width 0.05))
    (fp_line (start 1.48 -0.73) (end -1.48 -0.73) (layer B.CrtYd) (width 0.05))
    (fp_text user %R (at 0 0 180) (layer B.Fab)
      (effects (font (size 0.4 0.4) (thickness 0.06)) (justify mirror))
    )
    (pad 1 smd roundrect (at -0.7875 0 180) (size 0.875 0.95) (layers B.Cu B.Paste B.Mask) (roundrect_rratio 0.25)
      (net 5 "Net-(R1-Pad1)"))
    (pad 2 smd roundrect (at 0.7875 0 180) (size 0.875 0.95) (layers B.Cu B.Paste B.Mask) (roundrect_rratio 0.25)
      (net 1 GND))
    (model ${KISYS3DMOD}/Capacitor_SMD.3dshapes/C_0603_1608Metric.wrl
      (at (xyz 0 0 0))
      (scale (xyz 1 1 1))
      (rotate (xyz 0 0 0))
    )
  )

  (module sensor-node-core:RFM98 (layer B.Cu) (tedit 5C0035DA) (tstamp 5C010D7B)
    (at 149.6 91.8 90)
    (path /5C007237)
    (fp_text reference RFM1 (at -6.5011 -9 90) (layer B.SilkS)
      (effects (font (size 1 1) (thickness 0.15)) (justify mirror))
    )
    (fp_text value RFM98 (at 0 0 90) (layer B.Fab)
      (effects (font (size 1 1) (thickness 0.15)) (justify mirror))
    )
    (fp_line (start -8 8) (end 8 8) (layer B.SilkS) (width 0.15))
    (fp_line (start 8 8) (end 8 -8) (layer B.SilkS) (width 0.15))
    (fp_line (start -8 8) (end -8 -8) (layer B.SilkS) (width 0.15))
    (fp_line (start 8 -8) (end -8 -8) (layer B.SilkS) (width 0.15))
    (fp_circle (center -4.5 6.5) (end -4 6) (layer B.SilkS) (width 0.15))
    (pad 1 smd rect (at -7.5 7 90) (size 3 1.2) (layers B.Cu B.Paste B.Mask)
      (net 1 GND))
    (pad 2 smd rect (at -7.5 5 90) (size 3 1.2) (layers B.Cu B.Paste B.Mask)
      (net 6 /RFM_SPI_MISO))
    (pad 3 smd rect (at -7.5 3 90) (size 3 1.2) (layers B.Cu B.Paste B.Mask)
      (net 7 /RFM_SPI_MOSI))
    (pad 4 smd rect (at -7.5 1 90) (size 3 1.2) (layers B.Cu B.Paste B.Mask)
      (net 8 /RFM_SPI_CLK))
    (pad 5 smd rect (at -7.5 -1 90) (size 3 1.2) (layers B.Cu B.Paste B.Mask)
      (net 9 /~RFM_SPI_CS))
    (pad 6 smd rect (at -7.5 -3 90) (size 3 1.2) (layers B.Cu B.Paste B.Mask)
      (net 10 /RFM_RESET))
    (pad 7 smd rect (at -7.5 -5 90) (size 3 1.2) (layers B.Cu B.Paste B.Mask)
      (net 11 /RFM_DIO5))
    (pad 8 smd rect (at -7.5 -7 90) (size 3 1.2) (layers B.Cu B.Paste B.Mask)
      (net 1 GND))
    (pad 9 smd rect (at 9 -7 90) (size 3 1.2) (drill (offset -1.5 0)) (layers B.Cu B.Paste B.Mask))
    (pad 10 smd rect (at 7.5 -5 90) (size 3 1.2) (layers B.Cu B.Paste B.Mask)
      (net 1 GND))
    (pad 11 smd rect (at 7.5 -3 90) (size 3 1.2) (layers B.Cu B.Paste B.Mask)
      (net 12 /RFM_DIO3))
    (pad 12 smd rect (at 7.5 -1 90) (size 3 1.2) (layers B.Cu B.Paste B.Mask)
      (net 13 /RFM_DIO4))
    (pad 13 smd rect (at 7.5 1 90) (size 3 1.2) (layers B.Cu B.Paste B.Mask)
      (net 2 /3V3))
    (pad 14 smd rect (at 7.5 3 90) (size 3 1.2) (layers B.Cu B.Paste B.Mask)
      (net 14 /RFM_DIO0))
    (pad 15 smd rect (at 7.5 5 90) (size 3 1.2) (layers B.Cu B.Paste B.Mask)
      (net 15 /RFM_DIO1))
    (pad 16 smd rect (at 7.5 7 90) (size 3 1.2) (layers B.Cu B.Paste B.Mask)
      (net 16 /RFM_DIO2))
    (model ../../freecad/RFM98.step
      (at (xyz 0 0 0))
      (scale (xyz 1 1 1))
      (rotate (xyz 0 0 0))
    )
  )

  (module sensor-node-core:M50-3150542R (layer F.Cu) (tedit 5C002BC6) (tstamp 5C010BCB)
    (at 150 122.5)
    (path /5C007324)
    (fp_text reference SC1 (at 0.025 -4.075) (layer F.SilkS)
      (effects (font (size 1 1) (thickness 0.15)))
    )
    (fp_text value Sensor-Connector (at 0.25 0) (layer F.Fab)
      (effects (font (size 1 1) (thickness 0.15)))
    )
    (fp_line (start -3.365 -1.7) (end 3.365 -1.7) (layer F.SilkS) (width 0.15))
    (fp_line (start -3.365 1.7) (end 3.365 1.7) (layer F.SilkS) (width 0.15))
    (fp_line (start -3.365 -1.7) (end -3.365 1.7) (layer F.SilkS) (width 0.15))
    (fp_line (start 3.365 -1.7) (end 3.365 1.7) (layer F.SilkS) (width 0.15))
    (fp_line (start -4 2) (end -4 3.25) (layer F.SilkS) (width 0.15))
    (fp_line (start -4 3.25) (end -2.75 3.25) (layer F.SilkS) (width 0.15))
    (pad 10 smd rect (at 2.54 -1.925) (size 0.8 1.65) (layers F.Cu F.Paste F.Mask)
      (net 20 /SEN_GPIO_2))
    (pad 8 smd rect (at 1.27 -1.925) (size 0.8 1.65) (layers F.Cu F.Paste F.Mask)
      (net 21 /~SEN_SPI_CS))
    (pad 6 smd rect (at 0 -1.925) (size 0.8 1.65) (layers F.Cu F.Paste F.Mask)
      (net 22 /SEN_SPI_CLK))
    (pad "" np_thru_hole circle (at 2.54 0.635) (size 0.71 0.71) (drill 0.71) (layers *.Cu *.Mask))
    (pad "" np_thru_hole circle (at 2.54 -0.635) (size 0.71 0.71) (drill 0.71) (layers *.Cu *.Mask))
    (pad "" np_thru_hole circle (at -2.54 0.635) (size 0.71 0.71) (drill 0.71) (layers *.Cu *.Mask))
    (pad "" np_thru_hole circle (at -2.54 -0.635) (size 0.71 0.71) (drill 0.71) (layers *.Cu *.Mask))
    (pad "" np_thru_hole circle (at -1.27 0.635) (size 0.71 0.71) (drill 0.71) (layers *.Cu *.Mask))
    (pad "" np_thru_hole circle (at -1.27 -0.635) (size 0.71 0.71) (drill 0.71) (layers *.Cu *.Mask))
    (pad "" np_thru_hole circle (at 1.27 0.635) (size 0.71 0.71) (drill 0.71) (layers *.Cu *.Mask))
    (pad "" np_thru_hole circle (at 1.27 -0.635) (size 0.71 0.71) (drill 0.71) (layers *.Cu *.Mask))
    (pad "" np_thru_hole circle (at 0 0.635) (size 0.71 0.71) (drill 0.71) (layers *.Cu *.Mask))
    (pad "" np_thru_hole circle (at 0 -0.635) (size 0.71 0.71) (drill 0.71) (layers *.Cu *.Mask))
    (pad "" np_thru_hole circle (at -1.905 0) (size 0.75 0.75) (drill 0.75) (layers *.Cu *.Mask))
    (pad "" np_thru_hole circle (at 1.905 0) (size 0.75 0.75) (drill 0.75) (layers *.Cu *.Mask))
    (pad 4 smd rect (at -1.27 -1.925) (size 0.8 1.65) (layers F.Cu F.Paste F.Mask)
      (net 23 /SEN_SPI_MOSI))
    (pad 2 smd rect (at -2.54 -1.925) (size 0.8 1.65) (layers F.Cu F.Paste F.Mask)
      (net 24 /SEN_SPI_MISO))
    (pad 5 smd rect (at 0 1.925) (size 0.8 1.65) (layers F.Cu F.Paste F.Mask)
      (net 17 /SEN_I2C_SDA))
    (pad 9 smd rect (at 2.54 1.925) (size 0.8 1.65) (layers F.Cu F.Paste F.Mask)
      (net 25 /SEN_GPIO_1))
    (pad 7 smd rect (at 1.27 1.925) (size 0.8 1.65) (layers F.Cu F.Paste F.Mask)
      (net 18 /SEN_I2C_SCL))
    (pad 1 smd rect (at -2.54 1.925) (size 0.8 1.65) (layers F.Cu F.Paste F.Mask)
      (net 1 GND))
    (pad 3 smd rect (at -1.27 1.925) (size 0.8 1.65) (layers F.Cu F.Paste F.Mask)
      (net 2 /3V3))
    (model ../../freecad/M50-3150542R.step
      (at (xyz 0 0 0))
      (scale (xyz 1 1 1))
      (rotate (xyz 0 0 0))
    )
  )

  (module "official stable:LQFP-32_7x7mm_P0.8mm" (layer B.Cu) (tedit 5A02F146) (tstamp 5C01065E)
    (at 152.3 109)
    (descr "LQFP32: plastic low profile quad flat package; 32 leads; body 7 x 7 x 1.4 mm (see NXP sot358-1_po.pdf and sot358-1_fr.pdf)")
    (tags "QFP 0.8")
    (path /5C0072B7)
    (attr smd)
    (fp_text reference STM1 (at 3.2 5.95) (layer B.SilkS)
      (effects (font (size 1 1) (thickness 0.15)) (justify mirror))
    )
    (fp_text value STM32L021K4T6 (at 0 -5.85) (layer B.Fab)
      (effects (font (size 1 1) (thickness 0.15)) (justify mirror))
    )
    (fp_line (start -3.625 3.4) (end -4.85 3.4) (layer B.SilkS) (width 0.15))
    (fp_line (start 3.625 3.625) (end 3.325 3.625) (layer B.SilkS) (width 0.15))
    (fp_line (start 3.625 -3.625) (end 3.325 -3.625) (layer B.SilkS) (width 0.15))
    (fp_line (start -3.625 -3.625) (end -3.325 -3.625) (layer B.SilkS) (width 0.15))
    (fp_line (start -3.625 3.625) (end -3.325 3.625) (layer B.SilkS) (width 0.15))
    (fp_line (start -3.625 -3.625) (end -3.625 -3.325) (layer B.SilkS) (width 0.15))
    (fp_line (start 3.625 -3.625) (end 3.625 -3.325) (layer B.SilkS) (width 0.15))
    (fp_line (start 3.625 3.625) (end 3.625 3.325) (layer B.SilkS) (width 0.15))
    (fp_line (start -3.625 3.625) (end -3.625 3.4) (layer B.SilkS) (width 0.15))
    (fp_line (start -5.1 -5.1) (end 5.1 -5.1) (layer B.CrtYd) (width 0.05))
    (fp_line (start -5.1 5.1) (end 5.1 5.1) (layer B.CrtYd) (width 0.05))
    (fp_line (start 5.1 5.1) (end 5.1 -5.1) (layer B.CrtYd) (width 0.05))
    (fp_line (start -5.1 5.1) (end -5.1 -5.1) (layer B.CrtYd) (width 0.05))
    (fp_line (start -3.5 2.5) (end -2.5 3.5) (layer B.Fab) (width 0.15))
    (fp_line (start -3.5 -3.5) (end -3.5 2.5) (layer B.Fab) (width 0.15))
    (fp_line (start 3.5 -3.5) (end -3.5 -3.5) (layer B.Fab) (width 0.15))
    (fp_line (start 3.5 3.5) (end 3.5 -3.5) (layer B.Fab) (width 0.15))
    (fp_line (start -2.5 3.5) (end 3.5 3.5) (layer B.Fab) (width 0.15))
    (fp_text user %R (at 0 0) (layer B.Fab)
      (effects (font (size 1 1) (thickness 0.15)) (justify mirror))
    )
    (pad 32 smd rect (at -2.8 4.25 270) (size 1.2 0.6) (layers B.Cu B.Paste B.Mask)
      (net 1 GND))
    (pad 31 smd rect (at -2 4.25 270) (size 1.2 0.6) (layers B.Cu B.Paste B.Mask)
      (net 5 "Net-(R1-Pad1)"))
    (pad 30 smd rect (at -1.2 4.25 270) (size 1.2 0.6) (layers B.Cu B.Paste B.Mask)
      (net 17 /SEN_I2C_SDA))
    (pad 29 smd rect (at -0.4 4.25 270) (size 1.2 0.6) (layers B.Cu B.Paste B.Mask)
      (net 18 /SEN_I2C_SCL))
    (pad 28 smd rect (at 0.4 4.25 270) (size 1.2 0.6) (layers B.Cu B.Paste B.Mask)
      (net 23 /SEN_SPI_MOSI))
    (pad 27 smd rect (at 1.2 4.25 270) (size 1.2 0.6) (layers B.Cu B.Paste B.Mask)
      (net 24 /SEN_SPI_MISO))
    (pad 26 smd rect (at 2 4.25 270) (size 1.2 0.6) (layers B.Cu B.Paste B.Mask)
      (net 22 /SEN_SPI_CLK))
    (pad 25 smd rect (at 2.8 4.25 270) (size 1.2 0.6) (layers B.Cu B.Paste B.Mask)
      (net 21 /~SEN_SPI_CS))
    (pad 24 smd rect (at 4.25 2.8) (size 1.2 0.6) (layers B.Cu B.Paste B.Mask)
      (net 4 /SWD_CLK))
    (pad 23 smd rect (at 4.25 2) (size 1.2 0.6) (layers B.Cu B.Paste B.Mask)
      (net 3 /SWD_IO))
    (pad 22 smd rect (at 4.25 1.2) (size 1.2 0.6) (layers B.Cu B.Paste B.Mask)
      (net 16 /RFM_DIO2))
    (pad 21 smd rect (at 4.25 0.4) (size 1.2 0.6) (layers B.Cu B.Paste B.Mask)
      (net 15 /RFM_DIO1))
    (pad 20 smd rect (at 4.25 -0.4) (size 1.2 0.6) (layers B.Cu B.Paste B.Mask)
      (net 14 /RFM_DIO0))
    (pad 19 smd rect (at 4.25 -1.2) (size 1.2 0.6) (layers B.Cu B.Paste B.Mask)
      (net 13 /RFM_DIO4))
    (pad 18 smd rect (at 4.25 -2) (size 1.2 0.6) (layers B.Cu B.Paste B.Mask)
      (net 12 /RFM_DIO3))
    (pad 17 smd rect (at 4.25 -2.8) (size 1.2 0.6) (layers B.Cu B.Paste B.Mask)
      (net 2 /3V3))
    (pad 16 smd rect (at 2.8 -4.25 270) (size 1.2 0.6) (layers B.Cu B.Paste B.Mask)
      (net 1 GND))
    (pad 15 smd rect (at 2 -4.25 270) (size 1.2 0.6) (layers B.Cu B.Paste B.Mask))
    (pad 14 smd rect (at 1.2 -4.25 270) (size 1.2 0.6) (layers B.Cu B.Paste B.Mask)
      (net 6 /RFM_SPI_MISO))
    (pad 13 smd rect (at 0.4 -4.25 270) (size 1.2 0.6) (layers B.Cu B.Paste B.Mask)
      (net 7 /RFM_SPI_MOSI))
    (pad 12 smd rect (at -0.4 -4.25 270) (size 1.2 0.6) (layers B.Cu B.Paste B.Mask))
    (pad 11 smd rect (at -1.2 -4.25 270) (size 1.2 0.6) (layers B.Cu B.Paste B.Mask)
      (net 8 /RFM_SPI_CLK))
    (pad 10 smd rect (at -2 -4.25 270) (size 1.2 0.6) (layers B.Cu B.Paste B.Mask)
      (net 9 /~RFM_SPI_CS))
    (pad 9 smd rect (at -2.8 -4.25 270) (size 1.2 0.6) (layers B.Cu B.Paste B.Mask)
      (net 10 /RFM_RESET))
    (pad 8 smd rect (at -4.25 -2.8) (size 1.2 0.6) (layers B.Cu B.Paste B.Mask)
      (net 11 /RFM_DIO5))
    (pad 7 smd rect (at -4.25 -2) (size 1.2 0.6) (layers B.Cu B.Paste B.Mask))
    (pad 6 smd rect (at -4.25 -1.2) (size 1.2 0.6) (layers B.Cu B.Paste B.Mask))
    (pad 5 smd rect (at -4.25 -0.4) (size 1.2 0.6) (layers B.Cu B.Paste B.Mask)
      (net 2 /3V3))
    (pad 4 smd rect (at -4.25 0.4) (size 1.2 0.6) (layers B.Cu B.Paste B.Mask)
      (net 19 /~SWD_RST))
    (pad 3 smd rect (at -4.25 1.2) (size 1.2 0.6) (layers B.Cu B.Paste B.Mask)
      (net 20 /SEN_GPIO_2))
    (pad 2 smd rect (at -4.25 2) (size 1.2 0.6) (layers B.Cu B.Paste B.Mask)
      (net 25 /SEN_GPIO_1))
    (pad 1 smd rect (at -4.25 2.8) (size 1.2 0.6) (layers B.Cu B.Paste B.Mask)
      (net 2 /3V3))
    (model ${KISYS3DMOD}/Package_QFP.3dshapes/LQFP-32_7x7mm_P0.8mm.wrl
      (at (xyz 0 0 0))
      (scale (xyz 1 1 1))
      (rotate (xyz 0 0 0))
    )
  )

  (module sensor-node-core:switch (layer F.Cu) (tedit 5C00F475) (tstamp 5C006018)
    (at 138.85 107.7 90)
    (path /5C02F74A)
    (fp_text reference SW1 (at 0 0.5 90) (layer F.SilkS)
      (effects (font (size 1 1) (thickness 0.15)))
    )
    (fp_text value SW_Push (at 0 -0.5 90) (layer F.Fab)
      (effects (font (size 1 1) (thickness 0.15)))
    )
    (pad 1 thru_hole circle (at -3.25 -2.25 90) (size 1.7 1.7) (drill 0.99) (layers *.Cu *.Mask)
      (net 1 GND))
    (pad 2 thru_hole circle (at -3.25 2.25 90) (size 1.7 1.7) (drill 0.99) (layers *.Cu *.Mask)
      (net 19 /~SWD_RST))
    (pad 1 thru_hole circle (at 3.25 -2.25 90) (size 1.7 1.7) (drill 0.99) (layers *.Cu *.Mask)
      (net 1 GND))
    (pad 2 thru_hole circle (at 3.25 2.25 90) (size 1.7 1.7) (drill 0.99) (layers *.Cu *.Mask)
      (net 19 /~SWD_RST))
    (model /home/hannes/Repository/sensor-node-core/freecad/1825910-6.step
      (at (xyz 0 0 0))
      (scale (xyz 1 1 1))
      (rotate (xyz 0 0 0))
    )
  )

  (module sensor-node-core:1551J (layer F.Cu) (tedit 5BFF9522) (tstamp 5C00F901)
    (at 150 100)
    (fp_text reference REF** (at 0 0.5) (layer F.SilkS) hide
      (effects (font (size 1 1) (thickness 0.15)))
    )
    (fp_text value 1551J (at 0 -0.5) (layer F.Fab) hide
      (effects (font (size 1 1) (thickness 0.15)))
    )
    (fp_circle (center -11.75 15) (end -10.5 15) (layer F.CrtYd) (width 0.15))
    (fp_circle (center 11.75 -15) (end 13 -15) (layer F.CrtYd) (width 0.15))
    (fp_line (start 11.5 21) (end 14.75 21) (layer F.CrtYd) (width 0.15))
    (fp_line (start 8.5 27.25) (end 8.5 24) (layer F.CrtYd) (width 0.15))
    (fp_arc (start 11.5 24) (end 11.5 21) (angle -90) (layer F.CrtYd) (width 0.15))
    (fp_arc (start -11.5 -24) (end -11.5 -21) (angle -90) (layer F.CrtYd) (width 0.15))
    (fp_line (start -8.5 -27.25) (end -8.5 -24) (layer F.CrtYd) (width 0.15))
    (fp_line (start -14.75 -21) (end -11.5 -21) (layer F.CrtYd) (width 0.15))
    (fp_line (start -14.75 -21) (end -14.75 27.25) (layer F.CrtYd) (width 0.15))
    (fp_line (start 14.75 -27.25) (end 14.75 21) (layer F.CrtYd) (width 0.15))
    (fp_line (start -8.5 -27.25) (end 14.75 -27.25) (layer F.CrtYd) (width 0.15))
    (fp_line (start -14.75 27.25) (end 8.5 27.25) (layer F.CrtYd) (width 0.15))
  )

  (module "official stable:MountingHole_2.7mm_M2.5_Pad_Via" (layer F.Cu) (tedit 5C00FBE2) (tstamp 5C0108FF)
    (at 161.75 85)
    (descr "Mounting Hole 2.7mm")
    (tags "mounting hole 2.7mm")
    (attr virtual)
    (fp_text reference REF** (at 0 -3.7) (layer F.SilkS) hide
      (effects (font (size 1 1) (thickness 0.15)))
    )
    (fp_text value MountingHole_2.7mm_M2.5_Pad_Via (at 0 3.7) (layer F.Fab)
      (effects (font (size 1 1) (thickness 0.15)))
    )
    (fp_text user %R (at 0.3 0) (layer F.Fab)
      (effects (font (size 1 1) (thickness 0.15)))
    )
    (fp_circle (center 0 0) (end 2.7 0) (layer Cmts.User) (width 0.15))
    (fp_circle (center 0 0) (end 2.95 0) (layer F.CrtYd) (width 0.05))
    (pad 1 thru_hole circle (at 0 0) (size 5.4 5.4) (drill 2.7) (layers *.Cu *.Mask))
    (pad 1 thru_hole circle (at 2.025 0) (size 0.8 0.8) (drill 0.5) (layers *.Cu *.Mask))
    (pad 1 thru_hole circle (at 1.431891 1.431891) (size 0.8 0.8) (drill 0.5) (layers *.Cu *.Mask))
    (pad 1 thru_hole circle (at 0 2.025) (size 0.8 0.8) (drill 0.5) (layers *.Cu *.Mask))
    (pad 1 thru_hole circle (at -1.431891 1.431891) (size 0.8 0.8) (drill 0.5) (layers *.Cu *.Mask))
    (pad 1 thru_hole circle (at -2.025 0) (size 0.8 0.8) (drill 0.5) (layers *.Cu *.Mask))
    (pad 1 thru_hole circle (at -1.431891 -1.431891) (size 0.8 0.8) (drill 0.5) (layers *.Cu *.Mask))
    (pad 1 thru_hole circle (at 0 -2.025) (size 0.8 0.8) (drill 0.5) (layers *.Cu *.Mask))
    (pad 1 thru_hole circle (at 1.431891 -1.431891) (size 0.8 0.8) (drill 0.5) (layers *.Cu *.Mask))
  )

  (gr_arc (start 136.25 126.25) (end 135.25 126.25) (angle -90) (layer Edge.Cuts) (width 0.15))
  (gr_arc (start 157.5 126.25) (end 157.5 127.25) (angle -90) (layer Edge.Cuts) (width 0.15))
